xOut	yOut
0.741986738	0.734921996
0.961874091	0.864987972
-0.735140054	-0.985030414
0.967570875	0.369482933
-0.869968365	0.610723718
-0.960364245	-0.523140533
0.739497295	-0.814749319
0.829740847	-0.813190805
-0.500752430	-0.982704234
0.953007430	-0.461116675
0.877575972	-0.759253058
0.745618740	0.707316819
-0.924441258	0.571106517
0.920393845	-0.643954549
-0.971641519	-0.995113232
0.747081376	-0.746618266
0.940794774	-0.781688455
-0.776801688	0.908747468
-0.823818831	0.638561437
0.585825980	-0.965448328
0.957668579	-0.641443313
-0.781560183	0.916656065
0.965442752	0.398003441
-0.894054650	0.551268732
0.732176126	0.991096140
-0.928515905	-0.917014801
0.948463557	0.811958990
0.611909533	-0.833096627
0.883087130	-0.786374860
0.673346484	0.848529882
0.758896846	-0.687755542
-0.696659403	-0.722019456
-0.421857001	0.958176853
-0.958837949	-0.759771812
-0.592868438	-0.809798864
-0.567533116	-0.919938329
-0.835916106	0.905315392
-0.800531099	-0.816290063
0.855889416	-0.731736071
0.780817961	-0.850423774
-0.945108383	0.637218285
0.678922000	0.912255533
-0.989068988	-0.396710019
-0.974960897	0.849751422
-0.952585422	-0.757959392
0.901624104	0.720231419
0.932345085	0.505827962
0.989775859	-0.221438334
0.859490086	0.668565176
0.941516233	-0.684838936
-0.260434368	-0.983145573
0.787512505	0.893278995
-0.543596039	-0.957500410
0.905002441	-0.629563143
0.944500583	-0.904537070
0.959744749	0.755817795
0.869221596	-0.583851292
0.918510895	-0.544825152
0.266344364	0.983832856
-0.990665811	-0.200892401
-0.731301750	-0.864514931
-0.951939804	0.668420213
-0.807345016	-0.855691522
0.523287433	0.942572376
0.370387456	-0.936027236
-0.984746735	-0.241118039
-0.867647501	-0.566802894
0.930918964	-0.465027683
-0.522455308	0.853477395
-0.527405989	0.978536255
-0.962031431	0.702425214
-0.762602470	0.707080213
-0.493320780	-0.959035423
0.995854264	-0.441085098
0.824996388	0.968006673
-0.842906575	-0.687711288
0.767784793	0.710230789
-0.613436921	-0.928268631
0.907825884	-0.993929001
0.974077673	-0.335248802
0.385559780	-0.989722206
-0.961785564	0.359637452
0.991461089	0.815260567
0.948134369	0.980920631
-0.886663345	0.880486960
-0.966524591	-0.565051548
0.945465994	-0.949556988
-0.915026245	-0.671392924
0.414919222	-0.914519452
0.874946210	-0.848646925
-0.922848489	0.435272001
-0.201309845	-0.998322716
-0.658166537	-0.856971061
-0.707932306	-0.935408328
-0.773652654	-0.828270147
-0.881684375	0.641266567
-0.742789598	0.993261836
-0.624341385	-0.922635854
0.992433503	0.988503415
-0.959976222	0.991817677
0.898844310	0.675348213
0.983580153	0.672851940
0.902033030	-0.922651193
0.620921719	0.800877339
0.476538514	0.902304153
-0.985557699	-0.520829120
-0.487758191	0.998859927
0.551863783	0.939259711
0.958388754	-0.551130496
-0.764277814	-0.698748915
-0.598586574	-0.950162558
-0.896645872	-0.777588978
0.499850065	-0.983789864
-0.840176528	0.802707597
0.919067443	0.542969039
0.870674412	0.740065039
-0.263898785	0.974028540
0.962476061	0.979070834
-0.820738558	-0.760852984
0.707740082	0.830251525
0.915990245	-0.851360102
0.952389080	0.786664655
0.760693194	0.851180997
-0.929941351	-0.748863641
0.960312798	-0.988413200
0.931342355	-0.437500174
-0.768481140	0.696324924
0.947461283	-0.334972582
0.885623627	-0.522995381
-0.983894806	0.639347456
0.421590609	0.963566476
-0.695625126	-0.757609951
0.638986373	0.906845878
0.932500086	0.527398483
0.736714376	-0.757863693
0.759784885	0.963306055
-0.634590685	0.988954028
0.473033712	0.965570962
0.779047832	0.945374809
-0.844026719	0.538832716
0.826445311	0.565726802
-0.906182102	0.496284235
-0.900041514	0.566851611
0.573445034	0.878446169
-0.955307027	0.370487448
-0.805261847	-0.728538503
0.587835306	0.923548968
0.957070390	-0.961608614
0.667976315	0.761168558
0.641173443	0.919463253
0.501153151	0.880526495
-0.996166941	-0.222026674
0.786946379	-0.902722743
0.977803752	-0.741898036
-0.573659196	0.990133833
0.678823153	0.997648624
-0.732114361	-0.994973130
0.940023931	0.995878426
-0.879506804	-0.526052465
0.593788872	0.881199413
0.877077838	0.788799195
-0.823478447	0.711738913
-0.830458873	0.711479826
-0.874341733	-0.607366379
0.999381129	0.296786472
-0.636130343	-0.868073733
0.912187586	0.977183431
-0.635205431	-0.998080144
-0.664287046	-0.935292548
0.865912172	0.589337109
-0.990458298	-0.805954689
-0.914885588	0.406186973
-0.993151931	-0.626794816
0.605701064	0.947192165
-0.925890759	-0.399969329
0.696609565	-0.810995224
0.888000967	0.706151266
-0.616949913	0.973115379
0.472225048	-0.997273715
-0.522350279	-0.874047073
-0.287325609	0.994452753
0.890506653	-0.900635886
-0.632853475	0.907910109
0.777620337	-0.766816734
0.250445436	0.985215804
0.893125913	0.988218944
-0.778597792	-0.789660547
0.843305943	-0.986684320
-0.660704261	-0.831608503
-0.788037359	-0.991797438
-0.801302478	0.967970903
0.950951531	-0.669495472
-0.978471933	0.706181127
0.538720058	0.902880303
-0.994365255	-0.782772779
-0.938756719	-0.353326134
0.218290088	-0.996132013
-0.670179005	-0.766295000
-0.867737237	-0.719227475
0.986953652	-0.897070414
-0.479388579	-0.937694124
-0.916331131	-0.596066249
-0.921595797	0.674054272
0.936682740	0.427784115
-0.944183058	0.774376825
-0.372813788	-0.986656311
0.909518614	-0.781801678
-0.561550010	-0.873051265
0.935074478	0.708271763
-0.389283961	0.924717275
-0.799765494	-0.628513422
0.813174684	-0.990263352
-0.477591814	0.897697515
0.963034295	-0.617964237
0.425411891	0.966231685
0.953820084	0.558275556
-0.889409570	0.594880824
0.903922019	0.906034329
0.639434775	0.980902441
-0.902340839	0.914998709
-0.838786241	0.698666284
-0.899515375	-0.980802401
-0.945145615	-0.799402554
0.993013981	-0.648644037
-0.886273269	-0.971086645
-0.480062922	-0.924694994
-0.928441421	0.841248024
0.988952731	0.233226116
0.822120842	-0.848642643
-0.977343463	-0.283990353
-0.959614540	-0.564543952
0.708377791	-0.913292197
0.785643292	-0.664450760
0.776938895	0.679302499
-0.914923918	-0.801706842
0.786685556	-0.760839750
0.544921669	0.890106009
0.973527149	0.284216494
-0.965086914	-0.777717315
-0.902286327	0.502710561
-0.631388240	-0.799495479
0.601444501	0.858570452
0.901469976	-0.824525410
-0.977052169	0.545311175
0.591190529	0.834544681
0.966055918	-0.937043851
-0.848725143	0.776411870
-0.496848341	-0.991893659
-0.703710668	-0.721714908
-0.646974719	0.839230661
0.578116359	0.895132687
0.992605085	0.652979437
-0.849614394	-0.788170854
-0.541726519	-0.992051831
-0.641515120	-0.857249201
0.502781101	-0.915881527
0.401695665	-0.943625401
-0.716704520	0.859969146
-0.935677230	0.393838033
0.957771630	-0.429466794
0.767141968	-0.888985062
0.856026237	-0.702238201
0.985557044	0.308801219
-0.817204089	0.851573343
0.767980985	0.857568696
0.799121266	0.707257904
-0.994980297	-0.946794649
-0.793063521	-0.685501771
0.969645731	0.866107817
-0.746992208	-0.904326847
0.824640109	0.700702608
-0.805541521	-0.606151417
-0.755432985	-0.961575106
0.858828355	0.577414927
0.725606245	0.839203937
0.846627794	0.929159112
0.439703372	0.914510160
0.923665755	-0.687373144
-0.849828441	-0.808823030
0.567903319	0.870792121
0.342491992	-0.990700409
-0.528167956	0.969769586
-0.638266065	0.900772511
0.885942238	-0.481907854
-0.951557660	-0.325361103
0.955691740	-0.900182968
-0.999410458	0.870473515
0.814611911	0.886531780
-0.611434339	0.985053217
-0.959635914	-0.642617808
-0.902053902	0.690994813
-0.999399073	-0.526123996
0.977963886	0.622460485
0.743713780	-0.954994049
-0.456243491	-0.903777759
-0.628701554	0.809407342
-0.904055306	0.757613175
0.986079592	0.625658252
-0.707785746	0.910156715
0.955162667	0.514690213
-0.867849725	-0.685328959
0.918870290	-0.573995257
-0.952218089	0.603761738
-0.908389179	-0.663324468
-0.988172257	0.440976748
0.482357188	-0.896561436
0.842743752	0.560817431
-0.972828928	-0.442009390
-0.521795183	-0.964605306
-0.756677721	-0.776046577
0.831975408	0.601702160
-0.403593527	-0.945828466
0.921273878	-0.666354718
0.904809682	0.829880087
-0.968677096	-0.838103651
-0.987579953	0.913657339
0.743537426	-0.746453966
0.921819810	-0.844031942
0.972186809	0.361175194
-0.876235661	0.858845731
-0.991472454	0.416482320
-0.749639640	0.788495658
-0.630845758	-0.985248948
-0.901079655	-0.519959167
-0.590266458	0.998698973
0.447193684	0.914327092
-0.920518558	0.832687283
0.847438334	0.712486867
-0.738806726	-0.948914029
-0.476920241	0.932596595
-0.834784039	0.781863427
0.725510421	0.690597406
-0.973719321	0.416860997
0.507189770	-0.911049872
-0.980018499	-0.505560475
-0.901524617	-0.478950454
-0.672962792	-0.904829326
-0.900213291	-0.581635468
0.729088592	0.905796930
0.998199311	-0.337986613
-0.973576022	-0.368567035
-0.939599046	-0.641875673
0.564864878	0.876835921
-0.842000230	-0.793959419
0.831306414	0.681854509
0.763239918	0.987415940
-0.804296303	-0.786099298
0.485408438	0.973911664
-0.664227641	0.765561971
-0.906606650	0.568416925
0.723717954	-0.692676953
0.937787192	0.958682728
-0.420118786	0.954289743
-0.871267931	-0.907353466
-0.802088863	-0.777874581
-0.457498980	0.935019411
-0.892755369	0.913648685
-0.495196330	-0.954968178
0.872331412	0.949516943
-0.701600114	-0.729747794
-0.549323660	-0.943767697
-0.406789994	-0.922912650
-0.955468411	-0.640928767
0.461061555	0.964710283
-0.876809831	0.549172740
-0.921023678	-0.589623322
-0.971313355	-0.660349322
0.994169039	-0.472133218
0.720548661	-0.961299372
-0.942168628	-0.988560374
0.842921497	-0.859540385
0.672202295	0.824551201
-0.729889238	-0.991515450
0.852443581	-0.904395984
-0.471105244	0.946366842
-0.907805136	0.696451984
0.739035212	-0.847569260
0.507002489	0.954955328
0.774326474	-0.915535677
-0.956523596	-0.356400090
-0.617282335	-0.903694793
0.523053900	0.877285535
-0.769320390	-0.918112081
-0.816595300	-0.960149216
0.605992778	0.839356695
-0.741644435	-0.987256091
-0.776236049	0.667844512
0.828705770	0.688751700
-0.703996298	-0.971667525
-0.452849447	0.968127979
-0.504934129	-0.995663119
0.941297297	-0.885197744
0.794487651	0.615447287
-0.855147130	0.807652713
-0.979803078	0.860865340
-0.457130838	-0.914257267
-0.868937640	-0.901519849
0.856081715	0.629539623
-0.933654183	0.509900296
0.916261050	-0.788801313
0.972559988	-0.408745250
0.619695416	0.805040518
0.549338968	-0.939259172
-0.863701989	0.928723171
0.968359055	-0.966462071
-0.438783010	0.986932598
0.900213192	0.591467613
0.878333973	-0.937151721
0.875767127	-0.646642813
-0.833133976	-0.713172759
-0.854298389	-0.723070954
-0.675772371	-0.860392856
0.444563178	0.949493624
0.893683888	0.683579797
0.754592036	-0.799820350
0.765752155	0.796075438
-0.970551966	0.777131935
-0.947394103	-0.437179978
0.537224191	0.975107689
0.617699778	0.880153893
0.480776622	-0.988874792
-0.919708477	-0.461472788
-0.983313818	-0.693372569
0.794884064	0.634385961
-0.813218675	-0.787054082
-0.520088891	-0.954867731
-0.852232504	-0.746375364
-0.873477932	-0.981902992
0.729387471	-0.978920931
0.927979790	-0.584286069
0.831183900	-0.664327415
-0.584321821	0.963059540
-0.991679292	0.528812669
-0.959527236	0.706883582
-0.950337663	-0.420494633
0.723853601	0.704449547
0.866778471	-0.854208566
0.719032114	-0.703223774
0.821697498	0.768694452
0.768259482	-0.952441676
0.964981973	-0.745135146
-0.871943103	-0.781100832
-0.956303436	0.457221575
0.496161693	-0.915984842
0.932595942	0.539858257
-0.783688138	0.998323711
-0.792069564	0.824434778
-0.617551604	-0.840769565
0.359187977	-0.935318826
0.579572296	-0.900996225
-0.902672515	-0.799557373
0.575853719	0.855116448
0.913759337	0.832230517
0.857178165	-0.842603441
0.944041633	0.625328884
-0.987347348	-0.410901062
0.510354660	0.999563376
-0.962525966	0.618015661
0.209756994	0.981515667
-0.429385395	-0.999473419
0.747415760	-0.902641313
-0.903077937	-0.776730276
0.760247502	0.985772626
-0.225338020	-0.990811247
-0.936235669	0.918599453
0.900115119	0.694783819
0.742111295	-0.993856107
0.441979707	0.989661121
0.998849873	-0.170076609
-0.976270852	0.496833867
0.967563591	-0.845409296
0.597316864	0.906524023
-0.928289008	0.374373890
-0.830685108	0.608544999
0.979053881	0.571024089
-0.958641832	-0.955570651
-0.875262440	-0.834060118
-0.993864482	-0.446486836
0.791896221	-0.856337724
0.646298063	0.895822667
0.384212083	0.971653695
-0.424342024	0.955014215
-0.949892687	-0.314318896
0.929658619	-0.547830920
0.959010077	0.436336694
-0.927556477	-0.437658332
0.900304557	-0.438381877
0.643413001	0.950411870
-0.995937894	-0.381280423
-0.996367698	0.807323563
0.935940651	0.614421827
0.523758380	-0.963788567
0.567102141	-0.885082989
0.945759961	-0.879288659
-0.965089332	-0.685530160
0.963667368	-0.912006702
0.823223154	-0.768415527
-0.815735213	-0.801278739
-0.686361728	0.841848464
0.621987166	0.882918824
0.604217319	-0.883128998
0.865539241	0.549977279
-0.726039508	0.693488874
-0.795648986	-0.762372141
0.781482173	-0.972425832
-0.595155954	0.901404335
0.562342163	-0.973168789
0.807765945	-0.697675840
0.811564498	-0.752890704
0.793214397	-0.634127322
-0.544751573	0.901744398
0.642905245	0.966892751
0.993908638	-0.791713678
0.920101450	0.827187071
-0.806491993	0.802242963
-0.793805441	0.640149713
0.783801590	0.784017895
-0.951816502	-0.767862975
0.989433513	-0.827469122
0.402467320	-0.962382990
0.735863568	-0.736367941
-0.535704973	0.993164303
-0.917159461	0.990322808
-0.626126064	-0.927725949
-0.837146315	0.776341258
-0.960455047	-0.380625076
-0.507092281	0.973376139
-0.879927711	-0.691098343
0.966034305	0.401800567
-0.801789336	-0.951125157
-0.878851106	0.554977060
-0.651574143	-0.768960045
-0.877501352	0.887019872
0.626092295	-0.837956399
-0.563637239	0.912418756
0.768858986	0.975702046
0.988470229	0.889568615
-0.590681486	-0.899214453
0.989716822	0.222690945
0.809360607	-0.676465927
0.999912682	-0.886004899
-0.449390898	-0.988569559
0.990033836	0.497003171
0.650779043	0.989946518
-0.626672400	0.986925147
-0.708800505	0.975439528
0.986869969	-0.625065913
-0.669495060	0.794080226
0.905655419	0.881218857
0.972410198	0.895689256
0.772282986	-0.923648807
0.920103908	0.508993364
0.580156108	0.842071569
-0.853717076	0.757792159
-0.836749533	0.591412206
0.866768055	-0.899686759
0.984992432	-0.515944880
0.936317830	0.675484700
0.762429392	0.754602778
-0.943378706	-0.881685949
-0.954029951	-0.661390839
-0.817590241	0.868339580
0.942053191	-0.520837342
0.291431929	-0.958193634
-0.796340926	0.764508621
0.458931308	-0.953994734
0.635466384	-0.995763795
0.700248455	0.753952078
-0.992954770	-0.971151656
0.793356965	0.947346118
0.486582948	-0.883438127
-0.561529052	0.950396184
-0.975822171	-0.861280598
0.835042999	0.716542210
-0.789787412	-0.957332531
-0.788971797	-0.893887747
0.944786726	-0.992049139
-0.618702199	0.882913099
0.989025352	-0.657458699
0.713459453	0.833644154
0.606257682	-0.884162229
0.912471343	0.561086124
0.688759657	0.731714118
0.839006569	0.770476124
-0.895900079	0.515768909
-0.724672541	0.700700721
-0.812023592	0.990977511
0.842743310	0.551367736
-0.672674843	0.970423611
0.754962563	-0.881407423
0.967430470	0.368737630
0.705085277	-0.758659287
0.458599297	-0.962679425
0.957395533	-0.505287163
-0.817545338	-0.816613924
0.521467243	-0.991445982
-0.836308598	0.931566361
-0.948788039	0.948809542
-0.634396880	0.776897948
-0.806234425	-0.777119337
0.646799180	0.854204540
0.997664867	0.073366083
-0.809200209	0.752842892
-0.575775935	-0.995341117
-0.755935302	0.975322407
0.690555225	0.925384740
0.779589279	-0.643388050
-0.817313701	0.777254145
0.423562910	0.931300233
0.935959117	0.441518394
-0.911233992	0.583998325
-0.820275574	-0.821510249
-0.934856785	-0.471706582
-0.811975436	-0.880299053
0.967487923	-0.534557841
0.486780942	0.875796462
0.956823033	0.367160728
0.577406182	0.935721420
-0.476059074	0.898440595
-0.878767572	-0.508120213
0.796207442	0.875153027
0.936503476	-0.377080497
0.703770843	-0.760561257
-0.871588365	0.533572580
0.820187830	-0.844511367
0.851752089	0.967633978
-0.915095246	0.833502761
0.777623448	0.721794238
0.999262888	-0.643339879
-0.838456942	0.648741157
0.976488888	0.376483353
-0.968113827	0.622908522
0.931523510	-0.830747407
-0.949523140	0.662195593
0.892717090	0.922495773
-0.863454899	-0.559951760
-0.937043238	-0.531270358
0.682561366	0.994480272
-0.796956248	0.911383245
0.826021556	-0.731740965
0.921093417	0.863127518
-0.335969267	-0.942592165
-0.922396789	-0.956070898
-0.956995039	0.724719850
-0.913853741	-0.656299119
0.690878536	-0.745945334
0.692418147	0.992701082
-0.685968731	0.735423108
0.717420932	0.749384370
-0.720098508	-0.878311005
0.328973033	0.990313410
-0.732961633	0.686667711
-0.438497692	0.984459300
-0.943921970	0.425874869
-0.938338675	0.709144930
-0.587858430	0.827084131
-0.789912456	0.797381966
-0.767584301	0.810006964
0.911378448	-0.933442336
-0.626373706	0.908225429
-0.811185845	-0.897643054
-0.696536148	-0.989107445
-0.898248115	0.516580998
0.973030277	-0.709433960
-0.908636967	-0.957282068
0.788563729	0.862261018
0.766834562	0.699233714
0.741951646	0.971015913
-0.777561755	-0.632264057
-0.928589680	-0.941971336
-0.504248055	-0.925368343
0.537209895	0.860627141
-0.808376620	-0.717117591
-0.812455910	-0.736966299
0.803545119	-0.655809503
-0.686349078	-0.879033654
0.767528923	-0.863465867
-0.921285161	-0.975437054
-0.996773697	0.207778937
-0.699440235	-0.832634056
-0.534565396	0.980250061
0.940713243	-0.450373661
0.767099216	0.722057912
-0.887502512	-0.532338304
-0.549808156	-0.857325083
0.552728180	0.897193025
-0.680805865	0.789594849
-0.880501843	0.918723985
0.648632133	-0.968501301
-0.387903746	-0.982548389
0.599216327	0.985832952
-0.797258885	0.818372860
0.849871559	0.742930717
-0.795912858	-0.932560406
-0.915108794	0.511329853
-0.887639411	-0.801038804
-0.815205853	0.904493771
0.930181230	-0.813495816
-0.978848903	-0.865731629
-0.975073637	0.696463713
-0.921145125	-0.536457926
-0.873616300	-0.899261185
0.914200868	0.541224185
-0.378585695	-0.992700770
-0.724637509	-0.813210334
-0.993742824	-0.598253810
-0.712471519	0.718926401
0.959008593	0.477454985
-0.832524776	0.838732137
-0.878017379	-0.897555594
0.856690118	0.952903869
-0.882127176	-0.825954529
0.817453549	-0.709858990
-0.981206489	-0.996626302
-0.794864846	-0.985538698
-0.979162228	-0.489360043
0.326566178	-0.962783955
-0.433690445	0.952550066
-0.734844608	0.836373358
0.938984807	-0.770057794
0.962728037	-0.637129593
-0.910574360	-0.528043949
0.943794769	-0.627489765
0.139233546	0.990390967
-0.942891514	0.943172903
-0.698713529	0.996093293
-0.826884892	0.861331597
0.987686276	-0.706374711
-0.811523691	-0.650313188
0.664364866	-0.789931050
-0.304234561	0.982494564
-0.788823237	-0.848303009
-0.709875822	0.922294507
-0.973019801	-0.965753132
-0.965187822	-0.885892216
-0.963597710	0.371425245
0.728851927	-0.776011724
-0.864293632	-0.814938817
0.995534086	0.477393491
-0.863439050	0.869269629
0.886220463	-0.600385804
-0.883549338	-0.470422303
0.980371418	0.282742244
0.873254454	0.493559632
0.893173828	-0.786055080
0.810299763	0.855213336
0.576341012	0.926908986
-0.445576677	-0.951924264
0.949361612	-0.949339694
0.611194738	-0.979717964
-0.539672999	-0.927700287
-0.983756760	0.685695895
0.950452962	-0.671166692
-0.686169095	-0.835257288
0.720462694	-0.865753103
0.696047431	0.915783237
-0.751510732	-0.676593404
0.650098031	-0.926072273
-0.950114514	0.642216931
0.847940283	-0.987063517
0.980474384	-0.724677142
-0.880856752	-0.734183899
-0.530703192	-0.919928136
-0.926702217	0.548371036
0.730654181	-0.947671792
-0.944247702	-0.414153003
0.535588356	0.869746836
-0.797973337	-0.866383858
0.979961864	0.295681395
-0.942835703	0.786547901
-0.585001279	0.921257677
0.925425373	-0.758454903
0.655329075	-0.768928386
-0.982380485	-0.770740504
0.993875952	-0.776633850
-0.855376175	0.539170428
-0.995961763	0.315144712
-0.743636784	-0.992817773
0.772564789	0.762129240
0.920135421	0.987213890
-0.944109845	0.587384622
-0.947431589	0.615301153
0.838308816	-0.622823170
-0.196388957	-0.985710029
-0.998496139	-0.423877122
-0.898243500	-0.527080610
-0.804039210	-0.942559184
-0.888977793	-0.699054478
-0.943383640	-0.787221293
0.783170847	0.912490345
0.692562878	0.735037269
0.923828910	0.749179238
-0.955362067	-0.776312008
-0.971171805	-0.414679964
-0.950699362	0.445183880
0.812555391	-0.636453988
-0.830749307	0.679537707
0.947710987	-0.516782356
0.996883661	-0.936946734
0.931847397	0.672392860
0.925962144	-0.754387956
0.545144195	0.871558301
-0.966002447	-0.339157528
-0.644585191	-0.973927448
-0.996381849	0.999455253
-0.635442669	-0.985599284
0.970752574	-0.833194345
-0.799315791	-0.673832618
0.758490618	-0.790384261
-0.833942922	-0.869815835
-0.825900180	-0.863190349
0.839414470	0.946275931
-0.933323804	-0.953937043
-0.927057262	0.596868244
-0.866166354	-0.500647595
0.771823595	-0.700109275
-0.370463430	0.945923416
-0.685938207	-0.914653699
-0.694994320	0.803924872
0.993563029	-0.482202542
-0.910716825	-0.595725260
0.837369513	-0.906692550
-0.502417810	-0.869598584
-0.519186140	0.974503582
-0.993557291	-0.130396943
-0.492678635	0.876336065
0.969643516	0.493176088
0.898034329	-0.928994034
-0.984315790	0.836643637
0.966804334	-0.382639698
0.233033092	0.973247043
0.780569444	0.869964673
0.260920504	0.983106402
0.908710903	-0.596133738
-0.625461984	0.924395112
-0.759490101	-0.658657650
-0.685410608	-0.971281230
-0.320974842	0.953025022
0.884332239	-0.803251127
0.904973176	-0.881079378
0.615905966	0.889267676
-0.693831375	0.731432941
-0.924940173	0.832145632
-0.834362229	-0.959248112
-0.466517736	0.992097536
0.949187020	0.798590302
-0.738762287	0.685080347
-0.792489056	0.909828002
-0.546706689	-0.961768296
-0.866850605	0.944775062
-0.558617022	0.931488713
0.505337679	-0.983491630
0.901188083	-0.512309107
-0.915348146	-0.511359333
-0.579870621	0.832751593
-0.957188796	0.778940580
-0.812242998	0.710364458
0.646527275	-0.781779526
0.838460478	0.588705742
-0.534564590	0.998459579
0.411447114	-0.925570023
0.941062057	0.984455684
0.875066721	0.657535394
0.740744787	0.880083217
0.619962400	-0.793819803
0.968973539	-0.764993567
-0.465770434	0.910035595
0.752626327	-0.960237220
0.728426576	-0.744477728
0.969049470	0.750207185
-0.801452766	0.810267801
0.521479383	0.997146619
-0.957957314	0.287687110
0.582934180	0.949110432
0.941822993	-0.812597725
0.760205457	0.875326436
0.495788892	0.900077159
0.962366131	0.807222601
-0.910177186	-0.549331482
0.513333922	-0.943220633
-0.564602761	0.964340026
0.821872662	0.850261215
-0.981543039	-0.933945697
-0.995755803	0.118818588
0.945951124	0.499471142
0.779926676	-0.671337074
0.849244266	0.983768235
0.784314717	-0.719624824
0.803723426	-0.654981828
0.735977207	-0.714112044
-0.867696986	-0.856930136
0.915774398	0.747104313
-0.967007732	0.596580976
0.766015463	-0.816257787
-0.673187923	-0.980509910
-0.947668546	-0.638567438
-0.747989383	0.891116521
0.596810726	0.931818897
0.698491745	-0.999211190
0.956929039	0.950502362
0.891905331	0.633297697
-0.845538350	-0.625081063
-0.693262167	-0.742688476
0.934726062	0.494518068
-0.832923166	0.783386155
-0.535097989	0.892128821
0.773521026	0.635927493
0.643401198	-0.919741143
0.893239018	0.663762322
0.832012520	-0.839980754
-0.726668450	0.975551115
0.627435170	0.812380019
0.696595677	-0.932668014
0.731094309	-0.930090830
-0.594193365	0.957177468
-0.657738588	-0.900657202
0.670313362	-0.857138687
-0.929905564	-0.923880004
-0.899961220	0.636829978
-0.720342979	-0.864725095
0.285228527	-0.990306088
-0.989016104	-0.353140618
0.857290870	-0.977353515
0.752986545	0.927385306
-0.901233519	0.853025325
-0.947656706	0.863579761
-0.246008752	0.997923843
-0.870127266	0.643854769
-0.968885505	-0.688269712
-0.946174733	-0.454204953
-0.857507884	-0.885586070
0.761531501	0.835944632
0.909963064	-0.773227045
-0.942921976	0.963788331
-0.921797740	-0.695292384
0.536806475	0.945156240
-0.991346220	-0.173571786
0.492142557	-0.873793065
0.929187029	-0.663494097
0.602314132	-0.940704587
0.798223655	-0.988565430
0.635480209	0.976348711
-0.298761782	-0.959857088
-0.293400970	0.957459315
0.574250312	-0.874412702
-0.838887473	0.704946770
0.885545758	0.767523090
0.234517490	0.999937017
0.957396332	0.379211946
-0.587760993	0.933147452
-0.626987659	-0.924310785
0.959053522	-0.949029748
-0.949092731	0.975120891
0.134687530	-0.991696400
0.806833564	-0.854816447
0.813038247	0.735512485
0.494888520	-0.899649693
0.713395847	-0.791171244
-0.859392187	-0.875380441
0.891891859	0.986301419
0.745120999	-0.737216514
0.889877954	-0.776861994
0.556985181	-0.946122709
0.461655565	-0.978463120
-0.718391558	0.761231330
0.885850889	0.616976483
0.776666544	-0.751461733
-0.528323727	-0.997185436
-0.876706256	-0.961277178
0.799954152	-0.895025913
0.693785497	0.823689954
0.826504518	0.947367221
0.720158611	-0.990030462
0.658011020	0.849926544
0.797293764	-0.795752853
0.994267599	-0.369653364
-0.614540027	0.831644207
0.696942175	0.943318605
0.498638055	0.889790741
0.509813095	-0.980720259
-0.922979937	-0.830110722
0.876596602	0.984070284
0.815714491	-0.883224573
-0.984540947	-0.661742354
0.934406920	-0.412637781
-0.899981118	-0.677194870
0.881537218	0.786633220
-0.659275032	-0.865065564
0.655437109	-0.865099832
0.866060945	0.670161670
-0.970421363	-0.264226302
-0.696406169	-0.734210485
0.952683697	0.346378401
-0.670841032	-0.912154946
0.598807861	-0.820702477
0.610324019	-0.890561954
-0.965437334	0.703942301
-0.986222405	0.490133693
-0.981575509	-0.816587457
-0.836240905	0.553197181
0.812105737	0.691354016
-0.745464789	-0.889653856
-0.920936612	-0.854138956
0.910622553	-0.686422981
0.776673776	0.929047044
-0.503010439	0.940432871
-0.974612799	-0.528891152
0.633395273	-0.895549410
-0.802708426	-0.747035371
0.850257580	0.740176047
-0.555829991	0.864991437
-0.731899997	-0.873992600
0.975915895	0.545376937
0.982892040	0.378882608
-0.945763255	-0.757993806
0.981010888	0.534746635
0.761074318	0.956926782
-0.659114516	-0.893315758
-0.958582282	-0.528624624
0.730037677	-0.749753722
-0.894698823	0.486915577
0.958290953	-0.718977756
-0.452929845	0.954551125
0.920651041	0.913094160
-0.836659563	-0.614842750
-0.888384405	-0.850098329
-0.600618399	0.853352285
-0.429102665	-0.963840182
0.950244766	0.569464632
0.974018775	0.653273466
0.795918485	-0.939575229
0.370838453	-0.999328122
0.387516055	0.951926639
-0.314267744	0.958413391
0.988086458	-0.364022978
-0.673480662	0.975619516
0.761405869	0.869019230
0.795849415	-0.843161124
-0.777337288	0.961205489
-0.921542324	0.483904388
0.922143273	-0.496271564
0.969702167	0.918280538
-0.653645568	0.982189327
0.963529618	0.785913885
-0.855421528	0.520498503
0.843030875	0.699224618
0.470057985	-0.900092080
-0.981811543	-0.533865410
-0.921968318	0.912816373
-0.643280569	0.860138414
0.778573006	-0.866251997
-0.592388484	0.809227827
0.483197550	0.935943090
-0.727890001	-0.769204009
0.999190826	0.517627213
-0.824065417	0.916410675
-0.893294261	0.479568783
0.739089968	-0.841444664
-0.791778042	0.911105400
-0.843172375	0.742752103
-0.840457279	0.810636652
0.677524638	-0.775675301
-0.972834012	0.479200659
-0.687029680	-0.916230176
0.873305478	-0.657542449
-0.433217750	0.920814858
-0.817259345	0.921951211
-0.978342203	0.230744386
0.994546018	0.785446467
-0.788769425	0.992159391
0.562429449	0.861209720
0.783160930	-0.965753975
0.813776206	-0.678879211
-0.777050610	0.782109878
-0.739160426	0.762375090
0.975810363	-0.992205965
-0.988712937	-0.234854641
-0.944884980	-0.477326636
0.859669440	-0.513280546
-0.897265322	0.802608042
0.630895213	-0.921454960
0.574392082	0.871610635
-0.589780857	0.968021950
0.963480735	-0.372588982
-0.558798803	0.960906159
-0.998375770	0.438005583
-0.934294820	0.680895747
0.868967986	0.789230616
-0.977888605	-0.683688477
-0.823690049	0.940252119
0.415671557	-0.986883578
0.786730716	0.684628748
-0.835268251	-0.970350722
0.990555437	-0.537985590
-0.956061470	0.772183869
0.492109480	-0.890356289
0.898874327	-0.929433192
-0.886291977	0.920985722
0.861237841	0.976406266
-0.992219050	-0.458777222
0.555786925	0.913027796
-0.705256659	-0.930696899
0.787918619	-0.664760750
-0.756395813	0.763088997
-0.849867822	-0.953604971
-0.794373815	0.608108803
-0.764762639	-0.786592865
-0.850668420	0.867119068
0.780146863	0.971558833
-0.803544702	-0.638800923
0.944474598	-0.600338885
-0.938212289	-0.433301690
-0.656742389	0.946313066
-0.782529769	0.935271948
0.991729367	0.682884330
0.973049860	0.656630593
0.180814569	0.986469388
0.921741336	0.856501037
-0.594295852	0.861583351
0.747101866	0.868612174
-0.862926589	0.644007917
-0.708117473	-0.789264548
0.902771868	0.949635529
-0.710514360	0.836296481
-0.718427637	-0.856019530
-0.368727303	-0.970136107
-0.754336133	0.815830971
0.282558363	0.978231561
-0.250896881	0.976841482
-0.821820039	0.763871519
-0.829696541	0.632383728
0.951804434	-0.777103025
-0.988143023	0.860474801
0.995866721	-0.924208663
-0.374065278	0.947671154
-0.701311689	0.875199689
0.990682439	-0.857064158
0.987748623	0.770083529
0.852692843	-0.635259876
-0.980330970	-0.540748761
0.564947330	0.833814301
-0.918157181	-0.881514839
-0.943027436	0.527828882
0.987080122	0.869578899
-0.907822655	-0.477877303
0.388479833	-0.944615752
-0.766390680	-0.965876053
0.257746706	-0.995573230
-0.799916090	-0.848098130
0.840403985	0.669845844
-0.756577300	0.931751994
-0.949782991	-0.995530029
-0.843628159	-0.857694727
-0.989155837	0.276878723
-0.832250418	-0.564436005
0.631821564	0.817589877
0.749341871	0.827439643
0.985915355	-0.170984016
-0.449469620	0.931592911
0.604582744	0.803631644
-0.760804362	-0.694386369
-0.876796493	-0.953011731
0.746261466	0.872545378
0.874427913	-0.665894952
-0.496882626	-0.868609677
-0.937016766	0.769883041
-0.738920959	-0.888055100
-0.743172074	-0.966638919
0.942046475	0.583198396
0.714588719	0.765346438
-0.666561061	-0.875886667
0.755259274	0.981481731
-0.834165877	0.851251543
0.834417378	-0.736716956
-0.986584745	0.447131796
-0.461957458	0.962707140
-0.613785159	-0.996097575
-0.936541435	-0.631957796
-0.333796015	0.967708192
0.971610617	-0.722613026
0.967769367	-0.549781271
-0.561920135	-0.994331558
-0.905630362	-0.993942551
-0.811793625	0.783950563
0.581021520	-0.855930053
-0.793010985	0.639179098
0.505985824	0.898509824
-0.960897945	-0.489623030
0.756390220	0.938537589
0.801033758	-0.715613231
-0.626131229	-0.885116222
-0.663579731	-0.888607508
0.925391098	0.602580611
0.816238230	-0.793117639
-0.277989546	-0.967480677
0.869357596	0.875341690
-0.436322455	0.972247283
-0.831571666	0.958368514
-0.918843634	-0.794579910
0.981435212	0.932194400
0.952862543	-0.420095981
-0.916531369	0.714918672
0.960192084	-0.332138806
0.858688922	0.928171615
-0.615130796	0.811551464
0.931671292	0.440077005
0.871831811	-0.799204462
0.892627688	-0.938730527
0.752782118	0.824298980
0.891824176	0.879029009
0.680544983	0.956038496
0.867116328	0.619341237
-0.264683911	0.998325133
0.653854237	0.779191963
0.399464572	-0.935840021
0.433106577	-0.937393898
-0.616917291	-0.956230109
-0.818514689	0.782547281
-0.643522838	-0.794833605
0.982160882	0.706985657
-0.965983065	0.702795501
-0.955345710	-0.996141902
0.599479536	0.853803078
-0.648821559	0.821157255
-0.932392249	0.403844125
-0.433656686	0.986637737
-0.313857930	0.958990769
-0.823083004	-0.816429160
0.372881012	-0.937686115
0.605068059	0.975167715
0.934158483	-0.371927489
-0.811068369	0.630633100
0.814203940	-0.716553463
0.835170296	0.810281948
0.872595834	-0.875083642
0.995922762	0.241603322
0.653562424	0.965399451
-0.563342030	0.875381754
0.917621276	-0.579468514
-0.855198976	-0.693049035
0.872931395	0.644802405
0.979621598	-0.492062955
-0.825716223	-0.832882031
0.984723158	0.191399776
-0.741741498	0.673188562
0.387919529	-0.949521069
0.987500385	-0.528181831
-0.856456118	0.807646274
-0.472128732	-0.907259077
0.921557242	0.734850827
-0.525711891	0.951257740
0.805415957	0.930151402
-0.939106829	0.805877813
-0.895292804	0.899149671
-0.463487906	0.926310630
0.425758391	-0.992892375
0.913628769	0.501788803
-0.921027370	-0.502994192
0.617615015	0.919787150
0.893415769	0.803308030
0.800911876	0.888664508
0.682888509	0.986519143
0.421624586	-0.944005630
-0.892517900	0.616383810
-0.827384586	0.988456837
0.718640936	0.855503922
0.974975979	0.864517534
-0.806342498	-0.850179159
-0.914159934	0.446440284
0.937214524	0.486372698
-0.936839749	0.927222684
-0.779742381	-0.671171172
-0.751623046	-0.707738357
0.914827264	-0.784305924
-0.959286021	-0.891515235
-0.916678989	-0.929844604
0.560126584	0.849914860
-0.934391065	-0.510634717
0.990116352	-0.828501180
0.689034724	-0.926562638
-0.758345784	-0.831717085
0.759426243	0.965261911
0.739319645	-0.912358067
-0.670552448	-0.766159212
-0.597876297	0.970661624
0.935923534	0.629159140
0.533792785	0.976178074
-0.884728586	-0.505964232
0.760919360	0.854591058
-0.708831203	-0.911737867
0.923998204	-0.772907670
0.717421274	-0.706374306
0.603231621	0.866175464
0.360696015	-0.996974723
-0.765108778	-0.784659138
-0.535402559	-0.899479190
0.933870039	-0.859985111
-0.934942702	-0.756470567
-0.657899620	-0.870729906
0.950713675	-0.853117125
-0.769321585	0.943071339
0.974735033	-0.245311193
-0.993162987	-0.120043207
0.896598352	0.452142511
0.797202334	-0.948198581
-0.912025633	0.804039348
-0.525841387	-0.941698488
0.249057609	0.980490002
0.701524844	-0.822908808
0.981130539	0.591447264
0.649748776	-0.942790752
-0.763812343	0.672124718
-0.719987650	-0.734798509
0.868943053	0.904880324
0.854883670	-0.654481526
-0.982356809	0.416097958
-0.725386206	0.768505607
0.949403046	-0.914284349
0.416700217	-0.970050881
0.425271119	-0.986819017
-0.773987532	0.708042677
-0.651330406	-0.826651234
0.888487076	0.652121013
-0.566639787	-0.956764080
-0.783415314	0.747969380
0.967280545	-0.433409946
-0.997091603	0.418265383
-0.924513775	0.762527249
-0.473383754	0.917293215
-0.986952334	0.311025627
-0.948403998	0.789942934
0.977279688	-0.872917773
0.804627879	0.964928177
0.849625685	-0.602458357
-0.798246636	0.992076769
-0.932175733	0.604593534
0.687886642	0.763289608
0.728217784	0.744280561
0.905296279	-0.464291895
0.826168092	-0.619037022
0.343655904	-0.984579937
-0.992503168	0.156420299
0.743594577	-0.846263266
0.831184068	0.859532834
-0.923799601	-0.445055097
0.906110750	0.617676683
0.771413416	0.913006643
-0.714431227	0.927775253
-0.887483871	-0.692724299
0.947523899	0.520787509
0.782482497	-0.640551176
-0.837962402	-0.584398357
0.752542924	0.975779334
0.666912704	-0.849443714
-0.931432035	-0.475934515
0.395036396	-0.983908135
-0.794163091	0.816182626
-0.790836582	0.958379833
0.791961960	0.876076122
-0.891063882	-0.871918105
0.909702837	0.610444742
-0.940170541	-0.522673218
-0.875927198	0.840396888
0.882369249	0.709189434
-0.395030653	-0.960027958
-0.937532213	-0.494333603
-0.844793530	0.549940528
-0.739963102	0.702212075
-0.890072470	-0.849306229
-0.152306647	-0.996539072
-0.942322615	0.528952544
0.729782717	-0.757664355
-0.909967253	0.607216101
0.632894360	-0.972695377
-0.981641113	-0.999193434
0.820845338	-0.575358269
-0.981730633	0.648147772
-0.880318828	-0.668516955
0.767658887	0.944344274
0.511031055	-0.889936107
0.526089954	0.882142377
-0.897754783	0.645771126
-0.786374579	-0.971679877
0.972664398	-0.971753612
-0.726950953	0.809957039
0.680190301	0.957718327
-0.288120190	0.991618554
0.805366356	0.810248926
-0.935718352	-0.568439852
-0.552468867	-0.923785625
0.977121486	-0.762662155
0.977488261	-0.714143835
0.941469545	-0.676610595
0.947082928	0.681354798
-0.253618792	-0.999723114
0.440978122	0.999065679
0.924360221	-0.521186579
0.812901107	-0.974053145
-0.677735736	0.746551835
0.746828721	-0.766552758
0.792148165	0.984443452
0.779328140	0.697536607
0.723483463	-0.812540120
0.998346559	0.150633609
-0.350637529	-0.988572754
0.892205629	-0.473323649
-0.879493220	0.615689091
0.753649693	-0.954329008
-0.989708501	-0.921672978
-0.781762320	0.871075888
-0.736938362	0.966694253
0.991242510	-0.811774150
-0.766103159	0.657081988
-0.982397719	-0.387876861
0.794325940	-0.719336081
0.966108400	-0.988686646
-0.689043739	-0.759484582
0.976595759	-0.918721618
0.474289245	-0.980429146
-0.884596168	0.961946762
0.630994476	-0.894009252
0.776311547	0.798443590
0.507211077	0.864627941
-0.882521809	0.727850500
0.834241449	0.829249746
0.610661008	-0.978525763
0.999414366	-0.760410487
0.970378089	0.979213645
0.962958889	0.632762762
0.997027593	0.119034714
-0.948577915	-0.793715617
-0.837090204	0.632430222
-0.765532733	0.951573449
0.449857514	-0.938832481
0.629830452	-0.992872166
0.801609425	0.637797203
-0.768537502	0.989418252
0.878650308	0.556417126
0.975878523	0.935067939
-0.822173893	-0.987829119
-0.869319418	0.816181232
-0.771560667	-0.730847317
-0.938561252	-0.535230177
0.807027864	-0.725888649
0.891647761	0.515521432
0.955278017	0.541489373
-0.359478287	-0.983283237
-0.993740805	0.290040836
-0.945643168	0.468719287
0.800754277	0.682367766
-0.976796965	0.221792847
-0.722716029	-0.703375461
-0.935310169	0.505549442
-0.966522432	-0.499487037
-0.461270112	-0.888622433
-0.550326359	0.996740196
-0.998202136	-0.707427125
0.811645515	-0.775083693
-0.986264871	-0.959998333
0.936992216	-0.953690880
-0.651755771	0.966356261
0.891419172	-0.714763556
0.972594765	0.343012578
-0.859621747	0.701749685
-0.915359701	-0.952487216
0.946686607	-0.638412900
-0.426848104	0.919281371
0.811482906	0.589937292
0.999029585	0.980469449
-0.617941977	-0.964028337
0.951701857	0.632724507
-0.817152715	0.691214649
-0.441308368	0.924538195
0.702286636	0.925502298
-0.906619254	-0.649703764
-0.975490681	-0.765220675
-0.882285466	0.794166932
0.412646627	0.998765409
0.924267707	-0.940049142
0.443208001	0.904917188
-0.900485598	-0.748975935
-0.946641466	-0.724473999
0.390459263	-0.990754653
-0.398440441	0.925396174
-0.667882231	-0.955232440
0.830313362	-0.568367829
-0.986525438	0.729101846
-0.899000817	-0.758157967
0.550285717	-0.919603300
-0.982406691	0.271185585
-0.759870010	-0.794489310
0.789649633	-0.873934483
-0.953477276	0.339541177
-0.941606620	0.484211929
0.824566618	-0.903274110
0.966695275	-0.922049832
-0.760353194	0.819301193
-0.383963656	0.951159032
-0.544230817	0.910676089
-0.776739982	-0.865888529
-0.683013235	-0.884890770
-0.441054224	-0.933912585
0.913613242	-0.670594000
-0.692138170	-0.981969549
-0.757049036	0.769788261
0.879143197	0.542214278
-0.952959697	0.607631904
-0.911580702	-0.791749301
-0.767041523	0.967562496
0.875960502	-0.962865380
-0.910544353	-0.660705702
0.916744001	-0.667032027
0.802153173	-0.939150600
0.994577864	-0.525015414
-0.979923963	-0.618791382
-0.973497397	-0.476531324
0.945397351	0.871950101
0.547893179	0.862141351
-0.795081926	-0.830079188
-0.988156172	-0.494551458
-0.844626916	-0.811392791
0.873539392	0.845567558
0.914525607	-0.597297912
0.932040458	-0.650733395
-0.620296466	0.995657130
-0.928712294	-0.588266931
-0.895699570	-0.895284547
0.997483923	0.634492980
0.469772867	-0.942338520
-0.466365087	0.905277239
-0.745456156	-0.976076291
0.926365801	0.700651951
0.426641403	-0.980317770
-0.968051027	0.334157164
0.876224493	0.669811090
-0.632042437	0.802590293
0.370463041	-0.976392380
0.958491448	0.470344761
-0.781344034	0.908397382
-0.671024826	-0.944074707
-0.802592600	0.910222165
-0.552214718	-0.895620003
0.899159635	-0.524757902
0.968479034	0.966271001
-0.653667988	0.829981335
0.968691524	0.514503026
0.729199731	0.808043536
-0.888001869	-0.730353158
-0.720856016	-0.910654029
-0.993991549	0.643692463
-0.670834102	-0.782309916
-0.803540340	-0.943896792
-0.441173426	-0.964188328
0.608193229	0.815552384
0.904898355	-0.898483269
0.538930230	-0.913333293
-0.604992784	-0.846976161
0.999772483	-0.735913397
-0.644507284	-0.769709351
-0.642781558	-0.799066643
-0.967891043	-0.750145732
0.782540507	-0.711837076
0.432216499	-0.992289901
0.991294767	-0.471894400
0.894601022	-0.929906825
0.918488721	0.721469027
-0.990368050	0.854437335
-0.983455625	0.277132407
-0.919941956	-0.960552843
0.515103308	0.974659066
-0.890459668	-0.561990735
0.901369044	-0.570512225
-0.973468588	0.314849676
0.693306740	-0.990055032
0.646419314	0.885973076
0.671276215	-0.814768881
-0.152322259	0.989088362
-0.978280177	0.993403208
-0.821365675	-0.703960947
0.835909581	0.976868823
-0.860241233	-0.794932210
0.706536365	0.983187637
0.608499565	-0.881824882
-0.810235864	-0.952489990
-0.972079678	0.607159517
0.820054830	-0.861217959
-0.760762815	-0.990181035
0.512125483	0.898377861
-0.934147412	-0.686972466
0.516550913	0.885907418
0.978996886	-0.275162201
-0.807623763	-0.698481720
0.847080905	-0.918323521
0.505600042	-0.879912469
0.768511886	-0.724012701
0.364263035	-0.946835287
0.390840223	0.996260688
-0.470983797	-0.934228738
0.752100475	0.852189935
0.868906267	0.691289070
-0.907084244	0.660939257
-0.200551625	0.986775061
0.942242213	0.844981281
0.884188048	-0.600116705
0.974342868	-0.776770364
0.983763529	0.471751774
-0.796774032	0.737771840
-0.710063408	-0.746427356
-0.963273203	-0.523755513
0.953092539	-0.541864941
0.952265838	-0.628577512
0.618273407	0.898375672
-0.742928617	-0.860545129
-0.931357074	-0.955220986
0.697800090	0.722797644
0.948110552	-0.962717537
-0.850001584	-0.983246524
-0.917938522	0.413247186
0.519000459	0.916326397
0.688367338	-0.889665610
-0.973339213	0.770896932
-0.826332923	-0.584850167
-0.920957350	0.618074113
-0.993966324	0.300375331
-0.875096462	0.648435799
0.655516277	0.813270876
0.758770190	-0.868577460
-0.677331075	0.855424992
0.899386967	-0.598288425
-0.494540863	0.993945431
0.986175251	-0.737913148
0.910522652	-0.598735257
0.924349666	0.669292841
-0.912398124	-0.870286669
-0.785918051	0.806089815
-0.926187867	-0.983832755
0.914742493	-0.619567272
-0.590166904	0.958111308
-0.980656845	0.532535428
-0.915926970	-0.812625288
-0.674220266	0.983511021
0.993854597	0.911026626
-0.431489733	0.916352939
-0.828928878	0.717144072
-0.674171573	-0.851333746
0.828038827	0.934382996
-0.080163044	0.998154282
0.543409801	-0.884737187
-0.891891889	0.994384539
-0.948119939	0.793632142
-0.485736300	0.960191939
0.796278670	-0.996777521
0.528443025	-0.888021294
0.997568053	0.984938535
0.986309885	0.793615055
-0.787676217	0.948616877
-0.641204341	-0.995451813
0.643089193	-0.979472979
-0.874957637	0.794393390
-0.800353561	-0.613935759
0.683925014	-0.922065191
0.674548242	-0.886963295
0.892647146	0.762301569
-0.986010121	0.651963058
0.729897867	-0.992512790
0.928539689	-0.490108188
-0.846556812	-0.828289030
0.869625864	-0.639500337
0.550931949	-0.919694805
-0.782805052	0.708653040
0.880364010	0.689545731
0.792188989	0.749989873
-0.995287535	0.143271039
-0.786033944	-0.948878094
-0.870550459	0.764898005
-0.868572898	-0.653355511
-0.881013059	-0.910264417
-0.960663223	-0.459932098
0.961980315	-0.930210564
0.503941770	-0.919032745
0.829728745	-0.908502914
-0.970052219	0.841913248
0.919375206	0.499977844
0.702555802	-0.728092592
0.497577330	-0.998382276
0.888829606	0.752556040
0.990973455	-0.592446134
0.926181735	-0.653096044
0.641210692	-0.857347406
0.901940405	-0.731412072
-0.633131365	-0.995530023
-0.893616838	-0.541483884
-0.498297324	0.998190890
0.820285453	-0.752384732
0.955054207	0.671595336
-0.635925727	0.845520447
-0.904154916	-0.559702582
-0.508777467	0.960113880
-0.908993530	0.430119429
0.987918288	-0.744707613
-0.902899608	0.605739313
-0.677644431	0.802725975
-0.902919866	0.831261496
0.932253804	-0.759668293
0.422336343	0.955411415
-0.323770933	-0.959416746
0.894626820	-0.800376533
-0.797161967	-0.820955929
0.929436761	0.906915946
-0.844958936	0.787768041
0.933554537	0.361368412
0.887081286	0.902463103
-0.692834617	0.995561278
0.961445044	-0.686273876
-0.806818359	0.894999579
0.943715584	-0.949445098
0.930216412	0.441409330
0.825476965	0.586011884
0.776117884	0.786922008
0.899738008	0.969299525
0.617194786	-0.813295231
0.832543841	0.899797578
-0.755547035	-0.691378947
-0.568395259	0.867159094
-0.897897790	0.572781338
0.966667109	-0.649290455
0.814056607	-0.958485960
0.904064931	-0.844595805
0.986423573	-0.542754862
-0.963169264	-0.750217981
0.891318830	0.898517731
0.856880245	0.871262961
-0.954438517	-0.533029459
-0.906763287	0.886027052
0.705559083	0.981658065
0.734443695	0.934060895
0.832578625	0.947890999
0.180390107	0.999762114
-0.792654125	-0.671250163
-0.861065590	-0.514633340
-0.788156321	-0.859564470
0.414623044	-0.929667824
-0.995606929	-0.580696161
-0.674284762	-0.747972445
-0.684795035	-0.984468456
-0.971322023	0.894764835
-0.864356304	-0.522368426
0.972836926	-0.690588502
0.731794770	0.877529849
-0.976481266	-0.463480352
-0.594013419	-0.840837570
-0.691847706	-0.928673223
-0.283282940	-0.977863525
0.956062644	0.862536953
-0.381275697	-0.949628362
-0.439820328	0.927720484
0.779066010	0.761189245
-0.593444944	-0.912781697
0.927012884	-0.508147394
-0.998507215	-0.454262814
-0.591491444	-0.844622278
-0.805295812	0.906543118
0.403560145	-0.955658572
-0.921071175	-0.632370667
-0.755877647	-0.995830520
-0.926888954	0.484772544
-0.837242195	-0.576315400
0.352281469	0.987280990
-0.979535135	-0.936215140
-0.920146135	0.737164488
-0.448986410	0.926645358
-0.674420168	0.768190742
0.769102463	0.852572985
0.935900220	-0.995002758
-0.937553907	-0.502662199
0.546757791	-0.908399058
0.677380547	-0.852607669
0.759646184	-0.850370015
-0.485944343	-0.956518287
-0.939101818	-0.961123800
0.916804165	-0.699268527
-0.974638640	-0.799008121
-0.866819298	-0.785238495
0.996630276	0.098269369
0.619055685	0.836690983
0.978654101	-0.813294274
-0.560557807	-0.895697453
-0.445576800	-0.905944509
0.910951692	-0.666635495
-0.324700363	0.996266431
-0.876409003	-0.927614404
0.579320882	-0.817676993
-0.249103752	-0.989485074
0.742769508	0.815294476
0.448537449	0.948554576
-0.695548830	-0.801427021
-0.375530571	0.980238353
-0.897027199	0.570620124
0.866492652	-0.750889151
-0.866759927	-0.906052421
-0.929137133	0.951233095
0.812546199	0.912375797
0.914993529	-0.596682025
-0.831560076	0.995598790
0.840204652	-0.940339058
-0.881621582	-0.946207354
-0.989091464	0.555958289
0.493564157	0.996823141
0.984676379	-0.924105021
0.996277757	-0.726886323
0.440647821	-0.992813707
-0.863305050	-0.831095854
-0.786144198	0.955443600
-0.789052337	0.866311525
-0.987247723	-0.160750092
-0.659276268	0.767562768
0.659778773	0.814276505
-0.954168459	0.908989127
-0.811205979	-0.774147140
-0.959870635	0.755757520
0.717978858	-0.791454495
0.964303026	-0.888899309
-0.878391423	-0.595691227
-0.488555575	0.990172688
-0.745451337	0.676901706
-0.927085787	0.798850611
-0.986533884	-0.181532459
0.842411114	-0.870675463
0.421686714	0.979795717
0.936822097	0.896907750
0.875605212	-0.897979141
-0.872704779	-0.712311153
0.984411897	-0.385826906
0.930206939	-0.586552299
0.176802703	0.987042157
-0.910936985	-0.953437456
-0.925929292	-0.579546463
0.632017897	-0.787960695
0.861228514	-0.711855523
-0.925882182	0.425400299
-0.778265990	-0.820532267
0.419791890	-0.957652830
-0.770529704	0.922775574
-0.865185121	0.861290890
-0.903514964	0.987279649
-0.520695311	-0.882311033
-0.797198732	-0.707965097
-0.720685449	0.770725054
0.747100931	-0.932125328
-0.921831197	0.770004697
-0.543429930	-0.952270199
-0.971836104	0.366566749
0.863617706	-0.770592193
0.825646695	0.846434500
0.680340425	-0.895038756
-0.827164084	-0.702209439
-0.952242788	-0.748995281
-0.932204743	0.850380259
-0.996781277	-0.259924158
0.856975778	-0.884723755
-0.655315948	0.822890500
0.951094228	0.655982426
-0.714848530	-0.985219805
-0.992798063	0.469964684
0.526428921	0.979223801
0.701820278	0.886312123
-0.386436512	0.940175507
0.982977569	0.281488915
-0.362273595	-0.994560295
-0.953193513	-0.956961900
-0.401741899	-0.998067139
-0.584872368	0.870228748
-0.818633689	0.675840347
-0.979511784	0.693008700
-0.618646910	-0.930074957
0.980820561	0.601434614
-0.990822674	0.648734923
-0.881220125	-0.753463973
0.735231451	-0.963099731
0.895180790	-0.883415461
0.433633396	-0.912354128
0.981294811	0.219559862
-0.912385103	0.579531881
-0.626539387	-0.780947884
0.722642142	0.869432109
-0.978869796	0.584971271
0.490009710	0.874902527
-0.864619568	-0.507596216
-0.898761028	-0.607015019
0.272952579	0.980794052
-0.803751084	0.627665186
0.959346068	-0.624063318
-0.876935837	-0.622459598
-0.387998074	0.998884664
0.997165735	0.148644529
0.425424420	0.977667162
0.721966321	0.714677983
0.220587994	0.978567278
-0.779104167	-0.690874056
-0.926021918	0.557618609
-0.573638400	0.855597611
-0.745800977	-0.879743734
0.785862170	-0.636938914
0.969522067	0.962111933
-0.771207313	0.655979968
0.854640135	0.933211287
-0.932280375	0.774783550
0.875580354	-0.879074820
-0.781077354	-0.875198974
0.854171304	-0.926437221
-0.527038061	-0.874268063
-0.847008655	-0.933949681
-0.413919185	-0.970894824
-0.908232106	0.925803312
0.949643945	-0.775083690
0.980600880	-0.640422167
-0.822017981	0.754374310
0.768692647	0.815953429
-0.797491880	0.646255300
-0.904756840	-0.816891001
-0.994166867	0.208931058
0.898632170	0.739051103
-0.913787539	0.588462874
-0.934745699	0.834108568
-0.634498324	0.963886471
0.573159669	-0.911282880
-0.985559316	-0.713256268
0.618230508	0.893441015
0.813607053	0.819987338
-0.820196311	0.635531581
0.894972444	0.872739974
-0.181522914	0.984860669
0.800035464	0.639082503
-0.915996151	0.941299639
0.381662897	0.969239817
0.848879794	-0.799860017
0.954100485	0.318975301
-0.843903922	0.974243392
-0.994414791	0.214683168
0.824597160	-0.660240122
-0.670653460	-0.797867934
0.692425490	-0.873588376
0.515031881	-0.885563766
-0.940205046	0.954158846
-0.339437638	-0.996947077
0.624393239	0.834123661
0.932044443	-0.522699929
-0.742987126	-0.834764860
0.440526347	-0.914673920
-0.569087504	-0.953092289
-0.462470042	0.891162284
0.877725244	0.577039783
0.680758611	0.910674842
0.319220429	-0.980375543
0.641295208	0.944257411
0.853802433	0.974121952
-0.331496153	-0.972087818
-0.541432411	0.888223300
0.862345252	-0.985203350
0.768137828	-0.872876395
0.540912707	-0.844209460
-0.837245508	0.706457133
-0.862782093	-0.960070877
-0.886508438	0.994948468
-0.909716212	0.922168056
0.778067812	-0.971097881
0.780562504	-0.890193802
-0.894756183	-0.667571883
-0.886048128	0.518439074
-0.882089362	0.621865107
0.981410883	0.783529068
-0.897076524	-0.725130196
-0.902955076	0.768937083
-0.947942276	-0.923943197
0.980094837	-0.581930178
0.961810574	-0.434564048
-0.776284248	-0.996318610
0.786248680	0.680292549
0.899797810	-0.689742875
-0.613686072	-0.861598412
0.645313069	-0.803492137
0.351712685	-0.997775399
-0.749882111	0.738026613
-0.859373811	0.839328515
-0.997497716	0.368499487
-0.819626543	-0.680040479
-0.975179379	-0.649711295
-0.920967808	-0.576714833
0.966520817	0.580096165
0.418469984	0.969023102
-0.958911940	-0.360069886
0.989506835	-0.778538481
0.451924251	-0.945028540
0.900030039	0.797004431
-0.820994332	-0.641417161
0.984333063	0.597475651
-0.729906995	-0.780928031
-0.811380176	0.620256535
-0.785095688	-0.867703590
0.729772062	0.806110008
0.766276090	0.835965539
0.752075750	0.866277412
-0.875551313	-0.625273731
-0.870934314	0.771794403
0.607759941	-0.903421589
0.357434708	-0.962394531
0.817085004	-0.584625480
-0.684222340	0.807979261
-0.922293577	-0.846559437
-0.821033041	-0.766392055
0.901758951	0.554189938
-0.975145632	-0.645305144
0.919594188	-0.764926412
-0.960685723	0.981917808
-0.647465086	-0.781718763
0.822772270	-0.655524527
-0.938726929	0.523841713
-0.858640663	0.590116730
-0.598712708	0.822187135
-0.341117193	-0.980369306
-0.960397536	-0.518344924
-0.635893833	-0.899124465
-0.994503211	-0.805033930
0.789560942	0.655946582
0.958652137	-0.926395530
-0.903451848	0.762757079
-0.709924227	-0.730955066
0.958732913	-0.435567704
0.978026151	-0.910392113
0.816946687	0.814569326
0.893291045	0.478695119
0.698799749	-0.938804183
-0.794738133	0.852611124
-0.802173841	0.769194574
-0.615326809	0.808331520
0.765176794	0.964659957
-0.988238643	-0.917774267
0.995142817	0.272799922
0.936152867	0.681372306
0.987424440	0.481214996
-0.972981918	0.379686271
-0.889934352	0.980866504
0.756182651	-0.900947672
0.621859358	-0.796726417
0.617664825	-0.872694920
0.951502978	0.387442642
-0.779648220	0.888602945
0.726055630	0.865071929
0.992377009	0.472454856
0.922929393	-0.965343434
0.690405712	-0.890691806
0.973433242	0.764838212
0.690851273	0.965810250
0.760386284	0.934862990
-0.998637862	-0.409625912
-0.815732174	0.695821919
0.926254703	0.439420650
-0.889440267	-0.825694692
-0.595555448	-0.864499520
-0.635418502	0.791093940
-0.621446016	0.839935894
0.315213754	0.964091733
-0.930886370	0.627758806
0.631666909	0.982794823
-0.306845372	-0.989779108
0.398471310	-0.941244378
0.850279474	-0.720708350
0.824030567	0.567133073
0.712600144	-0.915114780
0.908733444	0.683506073
0.775979167	0.985458956
0.829281570	-0.588385739
-0.890687197	-0.867801474
0.902072309	-0.497502717
0.802580138	-0.607002753
0.911153468	0.584247136
0.526734375	-0.900525454
-0.556243508	-0.917554069
-0.917290871	0.735924819
0.827388561	-0.821257863
-0.831087266	0.636225774
0.506663316	0.905334985
0.889415077	0.501094473
-0.413829448	0.952638429
-0.952048918	0.567645336
0.985816656	0.554614397
-0.325844589	0.985963448
0.815812175	-0.803846847
0.778870716	-0.728824512
0.563957090	0.982455235
0.532637059	-0.940152617
-0.977441856	-0.241286032
-0.957432035	-0.781306111
-0.865858245	0.758048250
0.795675012	0.666778815
-0.746590507	-0.697735823
0.982400875	0.305865799
