xIn	yIn
-0.839804076	0.433333653
0.326548067	-0.462646682
0.589983395	-0.606427732
0.085437997	-0.394832265
0.554780503	-0.145846991
-0.472964639	0.046853247
0.749263690	0.376199199
0.884061447	0.422371710
0.543969542	0.703217112
0.097287477	-0.526956932
-0.212241207	-0.044474627
0.292833258	0.675287333
-0.060727132	-0.101776875
0.476383933	0.099468792
-0.668443223	-0.197068002
0.196504267	-0.277739893
-0.473292093	-0.248715232
0.576413115	0.053743268
0.798138015	0.325676805
-0.570057533	0.682199462
-0.251951486	0.845313489
0.610805299	-0.707981945
0.548530601	-0.291907225
-0.234938877	-0.663710607
0.663618148	-0.297482349
-0.622195016	-0.060747400
-0.342879086	0.675543503
-0.602196391	-0.365520615
0.688222654	-0.596952037
0.299893529	-0.881834880
-0.660039902	0.512009209
-0.595854502	0.105021221
0.024215051	-0.814656145
-0.212469067	-0.121110419
-0.960467230	-0.173747675
0.065120888	-0.303346315
-0.498204172	0.172892366
-0.449721135	-0.100400563
0.807371751	0.155188813
-0.126183839	0.495594404
0.558236777	-0.826290310
0.613759524	0.643484201
-0.778348268	0.577238132
0.339536925	-0.438388169
0.089247340	0.743682423
0.666633053	-0.062454058
0.811446068	0.474171924
-0.214175725	-0.164338883
0.659515780	0.573355208
0.714550698	0.699048551
-0.600392467	-0.220328415
-0.604297765	-0.098596640
0.952563951	-0.054018900
-0.898830087	-0.325181042
0.255530106	0.659406690
-0.151471353	-0.130710370
0.302890891	0.070180380
-0.553472239	-0.357572186
0.631792211	0.535775102
-0.613889764	0.298425262
-0.526678958	-0.802443697
-0.227402813	0.259145317
0.033217420	-0.567887034
-0.167499476	-0.252231882
-0.868838484	0.232108057
0.527439703	-0.473136249
-0.866488583	0.480003654
0.239939355	0.574014764
-0.390666828	-0.504530540
0.233421454	0.457861819
0.364759089	-0.463687656
-0.471957802	0.811286851
0.178740158	-0.840165591
0.347061951	0.564850394
0.458259672	0.820382994
0.079528310	-0.204375883
-0.337030177	0.912028834
0.543392235	-0.205868660
0.144136891	0.070831938
0.320995091	0.277648308
-0.449164409	-0.206160059
0.212162522	0.790774946
-0.713755595	0.601276159
0.279357512	0.651003495
0.462290345	0.316328660
0.967234121	-0.190647705
-0.118820946	0.425493791
-0.370264712	-0.356414250
0.656350650	0.709263597
0.439209867	-0.680679528
0.621292431	-0.017397898
0.113451812	-0.234570679
0.228286844	0.255240151
-0.604955424	0.596141550
0.076735844	-0.318711020
0.197417708	-0.643906644
-0.667707526	0.335006210
-0.348665131	-0.869272814
-0.396064887	0.532513923
0.556220978	0.233670400
-0.823900328	0.212571627
-0.057066003	0.615309539
0.531892099	-0.435773573
-0.402088360	-0.354656089
0.329655748	-0.348654320
0.079790813	0.372733378
0.255615310	-0.691922343
-0.372026472	0.650659886
-0.668051134	0.101636913
-0.939197272	-0.335758660
-0.563356878	-0.775704206
-0.541175841	0.087977991
-0.644977019	0.062759271
-0.379508087	0.911243959
-0.703570329	-0.203408415
0.123815585	0.239363668
-0.588098876	-0.344292316
0.803590096	0.009812764
0.301051595	0.133245844
0.661158445	-0.619157592
-0.494020779	-0.083226245
-0.311079935	0.133952749
-0.432566359	-0.406860728
-0.161337879	-0.100617493
0.694776185	-0.100535151
0.123760644	-0.977551995
0.219397298	0.478783625
0.085207277	0.839889212
0.390027583	0.381636949
-0.363519204	-0.486156832
-0.378999384	0.048381920
0.169550852	-0.575409288
0.557836556	0.719353129
-0.148555145	-0.936184225
-0.363873117	0.540364920
0.197768525	0.203560523
-0.064104505	0.666566877
0.689014883	0.179096980
0.538439763	-0.225777841
0.018986190	-0.071532655
0.442310513	-0.223140276
-0.296151095	-0.388138636
0.201450436	-0.237956411
0.082463811	-0.240713009
-0.176897234	0.117523601
-0.678915877	0.607777776
0.436058151	-0.006802569
-0.909405970	0.395757833
0.052853570	0.779608913
-0.425145188	-0.408706668
-0.446168928	0.593841003
0.519760677	-0.290309821
0.249307989	-0.037928811
0.573932553	-0.311999662
-0.284799517	-0.343603637
0.447287329	0.196597200
-0.409694972	-0.729609905
-0.708738614	-0.364795075
0.672356388	-0.651436677
0.059232078	0.108414539
0.341760754	0.149826108
-0.495827629	-0.605385677
-0.070564980	0.079027183
-0.014092344	0.483266092
-0.327131815	-0.494331668
0.467739521	0.679506174
0.875333068	0.041672075
-0.632493487	-0.409466450
-0.647047922	-0.623554678
-0.274991355	0.795688554
0.133723004	-0.933230600
-0.054485339	0.637895375
-0.283077443	0.447291379
0.358215772	0.389790743
0.311966916	0.420699232
0.230678216	0.187299983
-0.537628694	0.598184729
0.412978571	0.564964284
-0.551186791	0.498162507
0.666215835	-0.198234713
-0.172926248	-0.400383525
-0.333614126	0.143875523
0.598692131	0.127769598
0.018825203	-0.684385312
-0.424939024	-0.622959026
0.705405432	-0.471979313
0.928213017	0.017372347
0.948719919	0.158891233
-0.795327670	-0.588908776
-0.428469034	-0.829945469
0.547470147	0.020344176
0.668217039	0.213685981
0.822109463	0.542824868
0.616358290	-0.350816785
-0.390020029	-0.191172783
-0.041405325	-0.791327898
-0.475713210	-0.488342209
0.039678477	-0.717326132
0.247064568	-0.011601605
0.441565102	0.451736898
0.399489619	-0.801358938
-0.631304406	-0.018287093
-0.008635239	-0.963087369
-0.804601112	-0.186525778
0.579737499	0.811757178
0.462657437	0.722178841
-0.468993943	-0.414928996
-0.718690490	-0.532397128
-0.437509118	-0.194403700
-0.020739337	-0.083048266
0.035288521	-0.981060861
0.199625603	-0.717646913
0.007337535	-0.358809297
0.734089986	-0.593172847
-0.160168235	0.168332747
-0.622152262	0.208527359
-0.849954347	0.369212499
0.245439990	-0.654555459
-0.817313279	-0.174822512
-0.452643671	0.783678049
0.717981567	0.078362386
0.545965259	-0.068760065
-0.195112625	-0.474774079
-0.455834940	0.047817271
0.024951715	-0.663822514
0.737367098	0.174997368
0.705389986	-0.017192913
0.533420864	-0.644659095
0.461321677	0.251402431
0.433703291	0.830070729
0.250693506	-0.020331451
-0.238689337	-0.944419119
0.504894470	-0.390497668
0.600562125	0.346327576
0.875167315	-0.100143556
-0.404658502	0.595295722
0.488536051	-0.596673926
0.272939350	0.021956915
-0.241333021	-0.265738974
-0.435668246	0.524052852
0.172038818	0.325642419
0.579633733	-0.323066712
-0.274007182	0.592464353
0.493676270	-0.673445058
-0.061208073	0.368580999
0.885446817	-0.186040759
-0.573506348	-0.656708745
0.380975521	0.021835152
0.938586977	-0.130488429
0.425161225	0.211526326
-0.623801526	-0.489880894
0.688880682	0.548237292
0.835761525	0.268514414
-0.256095077	-0.048836603
0.363370627	-0.762418808
0.277718340	-0.697837447
0.606162191	0.163165155
0.116121796	0.874599634
-0.056318669	0.542615448
-0.435549401	-0.843522136
0.368004190	0.085636907
-0.826559972	0.313791542
0.250464737	-0.450361498
0.823910648	-0.060654582
0.430578447	-0.048235246
0.274209769	-0.206050927
0.189345946	-0.448071892
0.096111626	-0.204491864
-0.329892231	-0.341225407
0.754848869	-0.112001343
-0.016568556	-0.680700533
0.044476521	-0.822400135
-0.691088709	-0.587519290
0.263236773	-0.517648681
0.726272252	-0.486298491
0.031989821	0.550182900
0.453046928	0.129865614
0.209855072	0.660906759
0.452911987	-0.359566482
-0.387328488	-0.272878245
0.434382590	0.802017460
0.279049864	-0.469505785
-0.402474405	-0.005856874
-0.257272363	0.267633365
0.652917720	-0.502423495
-0.844367979	-0.363650837
-0.183124028	0.200108543
-0.186050971	0.125787264
0.608138583	0.338861505
-0.409112690	-0.359871596
-0.110955596	-0.956065763
0.704840997	0.222906004
-0.260667007	-0.682487491
-0.880470033	0.229077622
-0.295790203	-0.282944437
-0.776779252	0.446937434
-0.487512369	-0.238610088
0.340429491	0.326436660
0.887177176	-0.046981256
0.403622461	0.495315758
-0.864555838	0.180924653
0.279824128	0.743285006
0.128344183	-0.980842880
-0.939202486	0.078371943
-0.692550436	-0.102917500
-0.102616955	-0.469329688
-0.655980066	-0.117928028
-0.593191221	-0.711466128
0.022392922	-0.080703590
0.049923784	-0.637177588
-0.754266931	-0.062899041
0.315841156	0.649355532
-0.567583283	0.607721404
0.643865303	-0.432139122
-0.211353944	0.682309312
0.425594317	0.601643242
-0.319984817	-0.719499995
0.666719314	-0.012535252
0.177582506	-0.435897642
0.518135059	0.521602439
0.810136312	-0.531432749
-0.155759751	-0.139939905
-0.168610336	0.089973318
-0.260671151	-0.770422230
0.754952224	-0.616805849
-0.202561351	-0.456401721
-0.934496538	0.270737707
-0.387931538	0.491097780
-0.127619052	-0.300304235
-0.022510389	0.552396132
-0.019804229	-0.355791077
-0.460139121	-0.842221724
0.208311282	-0.942004062
0.679380716	-0.345514388
0.123052864	-0.172819975
-0.898326653	-0.343517809
0.039676343	0.173754593
-0.599776151	0.105179805
-0.555507701	0.012292311
-0.403722416	0.316873248
0.711988077	0.573767194
-0.130730620	-0.307816152
-0.782023883	0.409130259
-0.150037876	0.426287399
0.467126197	-0.470657161
-0.722754002	-0.631563014
0.158268403	-0.805600660
-0.484824840	0.259941750
-0.149118468	-0.108508896
0.116567320	0.890557875
-0.004262321	-0.490262003
-0.470916521	0.592015263
0.165782456	-0.304119376
-0.066744596	0.383758573
-0.189954029	0.572137080
-0.687439634	-0.109181018
0.022203053	-0.668579770
-0.905355143	0.299449050
-0.300142784	0.252913260
0.493848392	0.215032376
-0.487144992	-0.655270077
0.146213496	0.231025476
-0.318492826	0.675296975
-0.176959263	-0.491881581
0.203999043	-0.150376066
0.372581765	0.309009926
-0.367158539	-0.817372264
-0.118852995	-0.054598174
0.073446718	0.903350058
0.276822057	0.168091574
0.202799108	0.976679273
-0.578995167	-0.303352502
0.191711649	-0.066140159
0.041377421	0.298235129
-0.436717831	0.276665218
0.470004307	0.709495665
-0.492309307	-0.848488520
0.384792640	0.330731430
-0.340370101	0.301161171
0.319554622	0.863628943
-0.849214896	-0.307863613
0.172638869	-0.216373435
-0.125235878	-0.946214127
0.957135931	0.005850448
0.116302414	0.159935037
-0.017470279	0.537307247
-0.528832911	-0.102040044
0.472476498	0.034449257
-0.825374826	-0.057519196
-0.256055078	-0.317684133
0.093992284	-0.871262439
0.429898732	0.332601919
0.617251127	0.580683836
-0.975261696	-0.210110006
-0.635689600	-0.100497573
-0.156324133	-0.906661209
-0.152286733	-0.199188203
0.099189239	0.964015681
0.501322928	0.817329369
-0.284710674	0.728436826
0.006939274	-0.110085500
-0.329082371	0.750884196
0.572230367	0.764909914
0.518532097	0.309520488
-0.082120418	0.135783223
-0.109795676	-0.057382114
0.925673217	0.254514724
0.842120314	-0.230650916
0.347853515	-0.310166420
0.570160880	-0.552957246
-0.346150740	0.530907714
-0.471238287	-0.844827813
0.348237083	-0.215277958
-0.486841134	0.134601477
-0.046559092	0.184076496
-0.114514328	-0.474328726
-0.051013591	-0.234892571
-0.925372084	0.028828519
0.603301728	-0.035167760
-0.701675973	0.567200479
-0.985756768	0.157249557
0.399392620	-0.456995054
0.312421745	-0.252370298
0.327726988	0.440083949
-0.188843890	0.840885854
-0.425314575	0.764597018
0.024962349	0.460171097
-0.774721475	-0.598782771
-0.558532738	-0.700093558
0.264738682	0.401492152
0.573743934	0.484085646
0.215058870	0.872067961
0.051286125	0.718459167
0.740552868	0.065529357
-0.124291275	0.139945488
0.887575190	-0.063738710
0.628214418	-0.301268699
-0.222852856	-0.797100158
-0.536671682	0.802109494
0.663070938	-0.246403390
0.154813839	-0.782474487
-0.811744095	-0.415140414
-0.737705497	0.452994588
-0.062919766	0.201410608
-0.080130226	0.448659264
0.053895715	0.795578499
-0.411395249	-0.337569982
0.598691309	0.611923385
0.174911243	-0.624161548
-0.822052054	0.477894165
0.366243628	0.546650009
-0.828468290	0.554499534
0.007494120	-0.882138668
0.426630310	-0.013163573
-0.508584996	0.247957754
0.630352567	0.666326246
0.623796207	0.445175793
0.304565806	0.801744153
-0.076930043	0.696401976
0.243051985	0.927282060
0.843813118	0.374561580
-0.638891727	-0.148692761
0.492422912	-0.369027078
-0.204118408	-0.188305148
-0.391056032	-0.271177696
0.050836565	-0.964425722
0.715658732	0.085556779
0.103985960	-0.457775657
-0.387117071	-0.265661474
-0.820485682	0.513116395
-0.961576713	0.102584276
0.209518370	0.794173636
0.391897861	-0.547429646
0.721455696	0.235710979
-0.912981783	0.319554845
-0.286463110	-0.117100191
-0.868750305	0.322480858
0.611722113	0.182086262
0.358055136	0.327380844
-0.732356961	0.408864476
-0.307693980	0.371628999
0.951088820	0.305188950
0.541868085	-0.714518157
0.672755803	0.580291373
0.388066119	-0.117725828
0.374465008	-0.220036021
0.334844527	0.095920703
-0.984325043	0.161976459
0.178484670	-0.897306826
-0.014407016	-0.387219001
0.214502417	-0.402684903
0.794867260	-0.427442447
0.044350367	0.213654786
-0.352819770	-0.581184626
0.144001214	-0.306779253
-0.414757693	0.097579880
-0.627697724	0.619590918
-0.763407122	0.529830375
0.069937199	-0.621614592
0.622842783	-0.104474134
-0.856708534	-0.332806851
-0.890819349	-0.209528304
0.086008522	-0.897200585
-0.227503549	-0.399255401
0.293965347	-0.775919966
0.321659914	0.780343700
0.678952377	0.016554891
-0.363854192	0.909215553
-0.595021042	-0.127261313
0.439045927	-0.308785889
0.031522475	-0.491016875
0.069599520	-0.345634743
0.404508991	0.212890986
0.321558405	0.513689642
0.616489056	-0.224140868
0.008311526	0.728582194
-0.307643204	-0.697723128
-0.818515475	0.274322141
0.911691556	-0.072977161
0.799761526	0.176516633
0.007884625	-0.168716000
0.485649257	0.090008748
0.290375130	-0.192792339
-0.396301611	0.293737811
0.214774589	-0.779812556
0.948769638	-0.238046261
-0.003659282	-0.293152488
0.175754006	0.011071397
-0.432715587	0.466631037
-0.160673449	-0.521024031
-0.606346125	-0.423202743
-0.204353517	-0.806584598
0.024699402	0.438813647
-0.471177606	0.171390381
0.317556319	0.132520783
-0.534871808	-0.467669093
0.352708228	-0.465274866
-0.244582979	0.301477866
0.296678872	0.280780008
0.202909730	-0.706980410
0.304090987	-0.445088068
0.033887901	-0.761051353
-0.279785207	0.829534383
-0.567635951	-0.526471318
0.633065490	0.457063450
-0.314528878	0.284968428
0.573685505	0.150599314
0.817299335	-0.073606268
0.685324448	-0.427283643
-0.772128403	-0.017996680
0.853496364	0.430781328
0.275022911	0.841123884
0.809445063	-0.420886104
-0.603964185	0.654739834
-0.277468567	0.429923716
0.893688481	0.442746225
0.259458098	-0.673947471
0.916274907	-0.107476413
-0.593395672	0.750528088
-0.730218044	0.092075451
0.035496515	0.843467461
-0.757325236	-0.147204151
-0.230138808	0.927999212
0.425512206	-0.002267210
-0.089997468	0.279008570
-0.571485883	-0.814974558
0.120132452	-0.762040822
-0.235860662	0.516168267
-0.053908018	0.786387493
-0.070583005	-0.794449921
-0.887559979	-0.154308099
0.098073666	0.895556001
-0.325690865	0.504677995
0.646084088	-0.055908910
-0.403246555	-0.318419398
-0.212441450	-0.160571791
0.534376451	0.557419743
-0.232572578	-0.040111344
-0.444847468	0.677429953
-0.761102775	-0.016333351
0.862455396	0.359029677
0.221625827	-0.373405267
-0.124802056	0.114324839
-0.099287669	0.042682498
-0.973159996	0.013152353
0.888374400	0.124913671
-0.091291647	-0.437316466
-0.370408334	-0.445207560
0.506774626	0.226345110
0.236373041	-0.705666825
-0.934226681	-0.229250509
0.851752918	-0.166799259
0.730638147	-0.593094551
0.390572098	-0.626913911
0.328565049	-0.387802075
-0.000319178	-0.796237009
0.726522764	0.112946326
0.176806592	-0.450904201
-0.393313243	0.806398258
0.103888239	-0.886538618
0.032743367	-0.659738720
-0.592205443	0.098516686
0.111010772	-0.740452525
0.931717427	-0.158351082
-0.333547076	-0.557651879
-0.188815710	-0.942974978
-0.184565791	-0.860250662
-0.330777053	0.815115032
-0.656487670	-0.604254290
-0.071938644	-0.631434753
0.022980804	0.083690180
-0.579541832	-0.336631749
0.127693402	0.597264760
0.212464051	0.734380159
0.403663017	-0.683647710
-0.343386430	-0.744363902
0.534923070	0.767624342
-0.484816427	0.466640496
-0.390726740	0.181636497
0.238661519	-0.275577173
-0.696369826	0.467599215
-0.727715535	0.326610979
-0.448710606	-0.307257367
-0.709992608	0.202443281
0.413362955	0.693670409
0.518795571	0.261204496
0.516840594	0.664999860
0.131640357	-0.447693258
0.213660664	0.040628973
0.765051800	0.532971180
-0.639793353	-0.695410343
0.436690397	-0.336163179
0.182870311	0.415824015
-0.614604706	-0.298334119
-0.322971489	-0.484527915
-0.122924978	-0.806130896
-0.819528055	-0.179891495
-0.774106730	0.312112301
0.372415247	0.439553934
-0.647258726	0.345179539
-0.121849282	-0.747917239
-0.577617270	-0.685158886
-0.084080416	-0.805428399
-0.976184024	-0.093632617
-0.481950134	-0.574466529
-0.113205586	-0.479489073
0.117258358	-0.930335276
-0.228669394	-0.386636547
-0.192767443	-0.801402317
-0.531485867	0.033125828
0.510709984	0.840929381
0.186108918	-0.635444125
-0.383361363	-0.596372939
-0.620899250	0.532558221
-0.401801336	-0.597083273
-0.561074396	0.116248530
-0.171549802	0.325720017
0.395384742	0.573094399
0.448362209	-0.833284653
-0.813542149	0.466487946
0.815120976	-0.006309592
0.665085628	-0.716364891
-0.973183765	0.175795612
0.039246870	0.310673408
-0.135948129	0.020491201
0.374933043	0.480690509
0.424118263	0.754033794
0.013248729	-0.977683074
-0.843049481	0.452174333
0.138565456	-0.014599282
-0.222105650	-0.224675087
-0.068890727	-0.826720909
-0.651580688	-0.620528519
-0.660005562	-0.465122837
0.528567572	0.511045055
-0.561249478	0.555383807
-0.313159333	-0.436684988
0.873988420	-0.081068326
-0.253421262	0.248921462
0.002955256	0.412870911
-0.806986074	0.159905775
-0.134954758	0.331579383
-0.893095705	0.076415767
0.816218684	-0.544676393
0.455887248	-0.843786878
-0.009799230	0.301846674
-0.688671464	-0.481231659
-0.187108270	-0.249920942
0.313394070	-0.870968050
0.225819933	0.187382489
0.047963623	0.972398671
-0.563696049	0.447585805
-0.856904330	0.439259207
-0.139543285	-0.663890403
-0.400835019	0.725501957
0.667688981	-0.255528526
0.368441550	0.774593276
0.820887240	0.184660233
-0.770083118	0.276774487
0.340873355	0.220117651
-0.421378839	0.652201891
0.738885993	0.391512891
-0.108754714	0.715675020
-0.096942491	-0.009966287
-0.910536110	0.339361460
-0.562380483	-0.767440440
-0.221379335	0.298076232
-0.431330843	0.377785646
0.023578188	-0.763641863
0.576679970	-0.759131706
0.219918847	-0.082446675
0.460985946	0.798540008
-0.430244785	0.199871938
0.190052898	-0.027963836
0.012910078	-0.918701816
-0.312288817	-0.045019833
-0.801636597	0.590768692
-0.069869849	-0.617366604
-0.479613147	0.708750816
0.680709627	0.089056011
0.086536461	-0.295712186
0.325414149	0.208793581
0.096307552	0.336365561
0.151937940	-0.327012479
0.577233855	-0.628143214
0.590540846	0.038219801
-0.761908262	0.360449691
0.132332224	0.251001816
0.441747876	0.820043407
0.410812098	-0.849004139
-0.466370743	-0.551674575
0.537381436	0.136229525
-0.081373303	-0.137204417
-0.800838856	0.496961045
-0.312078230	0.776394999
-0.185385201	-0.960785377
-0.561241325	0.052706537
0.399664315	0.571090900
-0.696291648	-0.158587810
0.391134307	-0.490309666
-0.518476533	-0.198053595
-0.339313805	-0.590537961
0.142888653	0.194315452
-0.142212537	0.192581717
0.408654335	-0.604831101
-0.671188759	-0.672718969
0.257964482	-0.326165654
-0.657784720	0.457125626
-0.829204610	0.030137050
0.233520625	-0.960386780
0.100841960	0.478492159
0.318449241	0.404550313
-0.680095652	-0.290416454
0.914240647	-0.198572185
0.511529951	-0.425073159
0.210889855	-0.345581396
0.847000320	0.177896627
-0.536153784	-0.824188440
0.505177659	0.721810699
-0.150354094	0.847392939
0.178936325	0.020441295
-0.122470012	-0.587543051
0.060054516	-0.813870347
-0.539407627	0.138882360
-0.382625482	0.251937234
-0.034015354	-0.062721134
0.961520782	-0.119774707
0.738706682	0.473050732
0.455152134	-0.050403464
-0.872530665	0.224394427
0.018273854	0.974469655
-0.597708947	0.482120070
0.203930769	-0.000072880
0.754861650	-0.617132907
-0.204675957	0.080422931
-0.181478709	0.255916415
-0.780694710	-0.247990715
-0.182649252	-0.163320192
-0.336439313	0.512665355
0.438518032	-0.881287180
-0.537738109	0.565987368
0.343107247	0.480535745
0.540457022	0.745398302
-0.037344185	0.690738237
-0.309334644	0.407728662
-0.450546323	-0.288966229
0.791456702	-0.141358410
0.610650876	0.418044883
-0.152558201	0.614597396
0.201380278	-0.378599527
-0.865934172	0.018582727
-0.415429906	0.326761032
0.072159333	0.039519279
0.815765354	-0.274973656
0.206105862	-0.493569291
0.217464481	-0.827124694
0.100337258	0.008921182
0.031516896	0.701031393
0.019683174	-0.357832228
0.119076276	0.867124974
-0.511474553	0.836829862
-0.814602484	-0.377408725
-0.144587410	-0.830948700
0.218918995	0.439982684
0.495812332	0.295782459
0.565009801	-0.432028336
-0.664698263	0.380775153
0.292998009	0.541407600
0.887205863	0.425753015
0.296967138	0.104670344
0.598628321	-0.602695604
-0.886408475	-0.369854783
-0.901664211	0.133274699
0.272312988	0.217412064
0.000399673	0.529078156
0.537868617	0.488925120
0.365908017	0.723266133
0.892317433	0.330435388
0.661303291	0.388129765
-0.373782154	0.226313091
0.956101429	-0.038480417
-0.392911756	0.249099437
-0.497072818	-0.505705894
-0.325147548	0.799894321
0.598964450	-0.726519229
-0.096374012	-0.704465495
-0.154169326	-0.824061024
0.512946569	0.846230347
0.705017132	0.050815185
0.335155465	0.070925148
-0.225918683	0.446671859
0.292245755	-0.333601251
-0.222892753	-0.046450955
-0.635155326	-0.213049622
0.259729379	-0.132228143
0.281244484	0.934581830
-0.332333823	-0.119791067
-0.791937399	-0.135135107
-0.407235092	0.111688589
0.160399397	0.438595582
0.287627565	-0.326654034
0.284825927	-0.007355304
0.724161151	-0.380018608
-0.933346750	0.355815598
0.164641216	-0.156239504
-0.690635358	0.219169730
-0.752914412	-0.510773224
0.229799672	-0.388069737
0.276177155	-0.510470951
0.479702119	-0.442578361
0.437630573	-0.367826519
0.012233188	-0.969604520
0.468991061	0.031489635
-0.154021450	-0.246183012
0.373798379	-0.912295826
0.068382167	0.440451629
0.443519773	-0.766976617
0.452193113	-0.468702287
-0.757888809	-0.318007216
0.143227975	0.518288347
0.171521833	-0.377069905
-0.229701610	0.513340558
0.955164163	0.012727098
0.003157897	-0.198857287
0.766544086	0.027292228
0.371282413	0.140342464
0.114996403	-0.560335420
-0.419205907	-0.441483825
-0.327312037	-0.134993783
0.396303930	-0.446488219
-0.193126142	-0.460468095
0.162462000	-0.852489889
0.715291968	0.204586707
-0.782686195	-0.223339246
0.124200355	-0.081050615
0.477465559	-0.044766200
-0.429999335	0.788866149
0.080114875	0.966304595
-0.494163501	-0.585821944
-0.438311832	0.439412826
0.601058890	-0.777461163
0.241247421	0.316350857
0.427125544	0.014750278
-0.013193012	0.644439349
0.791411032	0.458405833
0.628297239	0.595364013
0.301287090	-0.247502407
-0.485686603	0.583832927
-0.460933273	0.027492704
0.780645106	0.619181601
-0.006202701	-0.876976965
0.506170334	0.499633798
-0.462798909	0.371554757
0.167932298	0.098889259
-0.189032417	-0.231008813
-0.914657957	-0.251446359
0.066965281	0.072149032
-0.607007012	-0.141623688
-0.546259675	0.831841954
-0.226212180	-0.031946277
0.415674881	0.231279861
-0.040167320	0.954741607
-0.741227436	-0.259522215
0.573923208	0.252569863
-0.136499180	0.080093541
-0.247796339	0.400701912
-0.500408830	0.262615880
-0.310872855	0.821019268
0.314830883	-0.225530812
-0.430427093	-0.618203837
0.846618220	-0.037434104
0.240172475	-0.622826916
-0.016143877	0.693912801
-0.338033477	0.624689918
-0.011076197	0.621799203
0.579431524	0.247696369
-0.637723013	0.153354732
-0.499733769	0.225777808
-0.766551728	0.252469892
-0.373520281	-0.314903430
0.172605850	0.126070889
-0.052909844	0.262543331
-0.363797817	0.516663063
0.644339495	-0.517179598
-0.520771041	-0.115488031
-0.140006514	0.463085082
-0.421575230	0.069008524
0.220729025	0.240391293
-0.306301559	-0.790347172
-0.137809504	-0.726870035
0.457349197	0.224467484
-0.549754709	0.659932969
0.210085320	0.076725010
-0.654970462	-0.617308831
-0.755575836	0.149886055
0.555285319	-0.119373653
-0.333450882	0.199624813
0.363446749	0.145778076
-0.391136842	-0.337438448
0.292448760	0.829592183
-0.960754990	-0.234856659
-0.740722835	0.496594207
0.454209634	-0.560143885
0.345694831	-0.335705047
0.516581125	0.690724369
0.046986123	0.719377025
-0.130736921	0.538751675
-0.827963366	0.535812197
-0.261623514	0.535483383
-0.318409727	-0.177486731
0.758923619	0.290453431
0.485074822	0.051372378
0.120045613	0.388027667
0.037519578	0.159290623
-0.846828993	0.296796743
-0.344115170	-0.857218169
-0.017441394	-0.889905536
-0.417362054	-0.671746564
-0.225610584	-0.900780928
0.112785826	-0.312140825
0.541195835	0.284822460
-0.179694157	-0.094738355
0.102085590	-0.420770539
-0.804284925	-0.412839589
0.630601840	0.315760689
0.964918161	0.130936142
-0.728859085	-0.052523234
0.241030605	-0.146221138
-0.047002066	0.294708007
0.836795561	-0.228405971
0.297152167	-0.050418613
0.459453204	-0.161651999
0.117920321	0.054709689
-0.411613780	-0.779994090
0.633939151	-0.215898704
-0.192833679	0.264540990
-0.900138017	-0.217645603
-0.089286519	0.897580568
0.705849438	0.181854396
-0.154942667	-0.053119958
-0.037699936	-0.011368810
0.415495541	-0.200904376
0.760225220	-0.287352293
0.748677011	0.219678423
-0.097197001	-0.331083972
0.037790547	0.491189219
-0.111078062	-0.328270303
-0.049934207	0.389156137
0.766513661	-0.344084770
-0.428989467	-0.388429006
0.602795272	-0.393356210
-0.267641471	-0.434904664
0.364190960	0.355500200
-0.139498224	0.112867971
-0.424821377	-0.588502518
0.095948827	0.477981621
0.080413511	-0.866260627
-0.030829161	0.969335450
-0.194530930	0.244461353
0.665423709	-0.258260243
-0.389327150	-0.430320359
0.533022502	-0.622813488
0.225594871	-0.895966966
-0.011242494	-0.171609857
-0.289323176	0.721116034
0.393485479	-0.694048196
0.868970104	-0.242323562
0.661452005	-0.270528122
0.140969361	-0.033506766
0.100232608	-0.316216915
-0.352558565	0.547858286
0.635300797	0.343132799
0.637063929	-0.375941697
-0.654825664	0.565008420
-0.346307443	-0.785855561
-0.677315143	-0.684855440
-0.056383683	-0.806770735
0.159722500	-0.733612567
-0.049829482	-0.503313130
-0.834343215	-0.121585045
-0.647171102	-0.186901780
-0.573726758	-0.647162710
0.870672866	-0.324254059
0.623475331	-0.475634577
-0.110109620	0.946160189
-0.160490017	0.833506698
-0.860610547	0.391285171
0.918092376	0.299111953
0.559067060	-0.392156878
-0.279252207	0.724723846
0.486258077	0.073576691
0.426413981	-0.390965431
-0.543657512	0.312282165
-0.684452128	-0.656713543
-0.164785722	-0.353880524
-0.598246633	-0.294112857
0.230252565	-0.788244204
0.409890291	0.118720322
-0.812584208	-0.031042649
0.726563443	-0.091836415
-0.306318804	0.212821520
0.125352839	0.408154256
-0.279563578	-0.843914299
-0.197794824	-0.673264850
-0.648036153	0.491790408
-0.664173610	-0.676647267
0.561552956	-0.618911117
-0.565868929	0.022600675
-0.858679005	-0.468140458
-0.187021288	0.867884439
0.440023128	0.506659908
0.080705959	0.421763403
-0.261836832	-0.793941203
-0.170082341	-0.421299003
0.787754124	0.550354080
-0.265213302	0.712735907
0.106004779	0.536991874
0.661062468	-0.608565096
-0.285212363	-0.579114016
-0.622022261	0.148918708
0.443486659	-0.277578510
-0.007059930	0.584807654
0.254281032	0.805918783
0.452692092	-0.305695841
0.312578690	-0.466601950
-0.260543152	-0.054014779
-0.370557146	-0.472789029
-0.503660700	0.364229552
-0.760053122	0.602344080
-0.098778573	-0.720582066
-0.030113300	-0.437716107
-0.329147162	0.829219729
-0.440827249	0.385640476
-0.749894288	-0.062849510
-0.465440817	0.693592370
0.659571981	0.527499254
0.278400023	-0.086146988
0.333418036	-0.268907885
0.608157173	-0.354003275
0.264490165	0.724224734
-0.329790046	0.326181437
-0.468842016	0.166549255
-0.309589011	-0.228895139
-0.231106666	0.591632415
0.050522795	0.738780034
0.567999761	-0.286910941
0.107016109	0.818105473
0.650239549	0.641575293
0.511697843	0.309811529
0.169074546	-0.209902135
-0.776335459	-0.497507419
0.521189980	0.831821714
0.148489305	-0.214319855
-0.210372842	-0.773743600
0.171409324	0.320785141
0.392805655	0.861820313
0.453452728	0.142412798
-0.136211568	0.468478782
0.612379834	-0.201717904
0.280509172	-0.218545621
0.588379961	0.504173713
0.283946960	0.109569940
0.335995426	-0.567563735
0.895250086	-0.107958127
-0.722335848	-0.315122757
0.118298273	0.449073476
0.310893789	-0.902447614
-0.327197084	-0.235653485
0.239965184	-0.426718062
-0.925441844	0.328344973
-0.337128713	0.686937990
-0.531607631	0.715007029
0.447554170	0.752339329
-0.175423030	-0.216450405
-0.815224406	-0.280172946
0.675591468	-0.537560254
0.404704298	-0.206110259
0.911513223	0.410366682
0.304993669	0.222407011
-0.448921478	-0.641530923
-0.148362133	-0.407160759
0.050642721	-0.073803978
0.656894465	0.081526381
0.762818312	0.104448634
-0.166134290	-0.412604719
0.887998230	0.018641304
0.307222335	0.563589697
0.481081050	-0.288073367
-0.642520564	0.392594272
-0.384998717	0.630212382
0.640269691	-0.398245191
-0.039776114	0.229734500
-0.844069479	-0.294628333
0.724380613	-0.230935466
-0.246817050	0.381275077
0.850590915	-0.483998739
-0.514276290	-0.315543376
0.103396542	-0.626278061
0.703097928	-0.589381124
0.937311636	0.184178977
0.122545509	-0.705208928
-0.423226751	0.244838823
0.957264178	0.191774532
-0.124948795	0.597533868
0.793529341	0.253147837
0.788882080	-0.246246774
-0.517117664	-0.426930466
-0.235380169	-0.361187142
0.278441201	-0.510999556
0.870275521	0.258468306
-0.452374589	-0.644000770
-0.270278831	0.646022858
-0.938359171	-0.332967195
-0.169798166	0.184186338
-0.038176124	0.406975083
-0.570974839	-0.080911946
-0.401250386	0.304076366
-0.483378079	-0.607721046
-0.442775797	-0.694495998
0.146032179	0.040106539
-0.121426465	0.910652011
-0.600347547	0.086796788
-0.654734907	-0.263735704
-0.374072796	-0.711809977
-0.612713751	0.355648373
0.633113416	-0.015494947
0.903593108	-0.229860589
0.366214943	-0.579784971
0.162418365	0.923439146
-0.274280970	-0.691549456
-0.036454316	0.604292566
-0.780897446	-0.357534919
0.761307302	-0.381244992
-0.111317019	-0.925473037
-0.313789517	0.514610185
-0.637283014	0.073496731
-0.129741443	-0.703070133
0.522423809	-0.107060266
0.061344582	0.155537225
0.877444788	0.232734379
0.217675801	0.781037895
-0.798747077	0.165292156
-0.492670112	-0.073028046
0.473742700	0.470875573
-0.468735481	0.692845254
-0.757481994	0.200283244
0.917129486	-0.071271510
-0.285106572	-0.720153528
-0.423223661	0.524649030
-0.521908281	0.638120921
-0.319813746	-0.644463494
-0.129144701	0.897862055
-0.863425600	-0.126270910
-0.518247202	-0.662172677
-0.960978756	-0.010917314
0.264799277	0.512763944
-0.540041742	0.796063796
0.205609197	-0.426701088
-0.584098565	-0.668846379
-0.282507297	-0.666969080
0.259882111	0.432386131
-0.387122608	0.262107332
0.017538116	0.189653731
-0.213243639	0.495629836
-0.172225349	0.466942616
-0.427640960	0.846557468
-0.674431936	-0.388619716
-0.164359846	0.590367341
-0.875855773	0.295598413
0.386431136	0.329753425
0.868897325	0.475066751
-0.153037116	-0.715201241
0.806220373	0.564455586
-0.382170321	0.066102483
-0.003158283	0.230707071
-0.579639199	0.114966175
0.510009668	0.248135453
-0.418091210	0.361176009
-0.053234597	0.946713461
0.348916750	0.519124442
-0.869495274	-0.371088919
0.264852155	-0.745351047
0.924509495	-0.348716710
0.584402378	0.793406819
-0.001327104	-0.007337437
0.926742327	0.326882710
0.007042396	-0.652896872
-0.558151115	-0.482947937
0.595238581	0.023757675
0.878228072	-0.457996017
-0.029528865	0.227144821
-0.938871575	-0.236257938
-0.098370365	-0.808366850
0.392653144	-0.833518212
-0.553717897	0.317162637
-0.182234921	-0.969315520
0.110569455	-0.055884881
-0.537950259	0.188775032
-0.123314468	-0.542129412
0.450533151	0.811552616
0.202241137	-0.542424453
-0.025372389	0.753894324
-0.332152303	-0.147144318
-0.704101694	0.638318832
-0.597939107	-0.018369862
-0.451340119	0.794714036
0.148111927	-0.005058016
0.111876673	0.965877006
0.025626463	-0.777553873
-0.090007876	0.487676205
0.411221159	0.786677657
0.945546793	0.296031448
0.662036083	0.396079943
0.107584063	-0.135722779
0.853655491	0.266239806
-0.491632757	-0.171716899
0.020134129	0.176214940
0.681138783	0.316032435
-0.185466230	0.761139286
0.673059166	0.216594663
-0.257230577	-0.778280954
0.011308699	0.890881350
0.216661030	-0.876814629
-0.654368501	-0.233249521
-0.446571866	0.675510489
0.052884105	-0.784535783
0.071590432	-0.839531833
0.079741437	-0.074754078
0.426707973	0.588108680
0.753529023	-0.553157899
-0.235676381	0.434667805
0.762874536	0.578857389
0.195807091	0.435933701
-0.204547948	0.938576514
0.829457863	-0.125686223
0.116601270	-0.724422379
-0.547033305	-0.153435033
-0.967569721	0.006394829
-0.477924544	0.085314384
0.221859046	0.593665888
0.245782552	-0.698399517
-0.481088190	-0.327509476
0.119332625	-0.345967218
0.707108637	-0.117792840
-0.767109830	-0.097084273
-0.681859138	0.028342222
-0.158507760	0.975793609
-0.164897027	-0.329049898
-0.149892614	-0.234950904
0.040626716	-0.189866987
-0.186726378	0.073056995
0.816527842	0.335349078
-0.841628620	0.038386888
-0.070985035	0.404153932
0.339987372	0.447926775
-0.923355546	0.229696534
0.720367608	0.195977079
0.883729316	0.427476245
-0.669608029	-0.603674899
0.144961709	0.171884211
0.842834313	0.222226096
-0.254886223	-0.799999368
0.188934751	0.785740494
0.010133645	-0.997791626
-0.141202511	-0.173338513
0.337557451	0.017168869
-0.578677201	0.205035747
0.714499192	-0.502032746
-0.565267720	0.434866800
0.693944334	-0.681538404
-0.137656957	0.772128574
-0.564918917	0.192735014
-0.635380775	-0.459427616
0.560107473	-0.792546462
-0.592545830	-0.048266769
-0.046058395	-0.050240768
-0.441928527	-0.611749100
0.314333423	-0.727429336
-0.113781847	0.749065704
0.707437464	-0.419837514
-0.647708941	-0.497391619
0.762515521	-0.479255267
0.061317117	0.642758646
-0.665411717	-0.175884403
0.947979895	-0.257957548
-0.840369733	-0.270209567
-0.011299130	-0.596120432
0.021289489	-0.044371030
-0.486822755	0.579360962
0.343879870	0.827510668
0.576576371	0.559369090
-0.189739490	0.644103669
-0.870850405	0.162551569
0.568729016	0.820101763
0.095430598	0.344577844
0.859043402	0.255060865
-0.925631724	-0.152255729
0.658940433	0.095657765
-0.324981275	0.147253111
0.377351134	0.576204716
0.220308385	-0.784530965
0.350163213	0.367020435
-0.892865849	0.033459514
0.778072934	0.468505526
-0.520677841	0.346801948
0.288607289	0.574752757
-0.308620209	0.147650689
-0.170186379	-0.234251933
-0.339128268	-0.463575444
-0.053978689	-0.339499922
0.063374907	-0.676627556
-0.763295207	0.149694346
-0.489015912	0.457013178
0.365163382	0.861147300
-0.175966386	0.472297534
-0.105393186	-0.579582729
0.598231547	-0.327320253
-0.980518306	0.177530085
0.652306462	-0.289138513
-0.674819226	-0.517879917
0.476609554	-0.679424267
-0.029125862	0.338015386
0.874439942	0.065365245
-0.707754053	-0.062185152
0.388737689	-0.471049260
0.760869077	-0.190002468
-0.075029891	-0.344524109
0.230414803	-0.476798343
0.328155637	0.119337599
-0.399244638	0.347637333
-0.264818092	0.535108372
-0.057375809	0.706056045
-0.126876243	0.061968125
0.337801914	-0.252436301
0.685378547	0.516071059
0.415792836	-0.855037481
0.225560317	0.176661913
-0.045039949	-0.849469574
-0.326267917	0.160293441
0.304712454	0.274487446
-0.492069227	0.601580137
0.527549270	-0.433570409
-0.898462038	0.166252786
0.968787223	-0.025338280
-0.771779090	0.306589137
0.722225419	-0.644445721
-0.063363002	0.407603965
0.871625338	0.095635599
0.180491706	0.287418173
0.240598119	-0.593947978
-0.535919915	-0.804441831
-0.443417552	-0.703782112
-0.619066978	0.230314532
0.456511329	0.685645476
-0.469128309	0.510854208
-0.704917577	-0.367590345
-0.322893007	-0.736130355
0.607071375	-0.094672097
0.570458783	0.329296793
0.260882182	-0.492904220
-0.263099243	0.132507518
-0.580074309	-0.156670504
-0.676555515	-0.115994224
0.038887665	-0.119973066
0.180223665	0.419820687
-0.889658535	-0.363265007
0.105466163	-0.384856558
-0.398822906	-0.607308225
-0.352505312	0.132048785
0.903545983	-0.057422889
0.764458440	-0.419347025
0.206446757	0.371529814
0.485980877	-0.223094461
-0.299173393	-0.253136942
0.284001318	0.437727365
0.879370577	-0.113267304
0.355119828	-0.700703733
0.730062192	0.678564314
0.183302044	-0.231050144
-0.441408753	-0.636474293
-0.811229457	-0.331067288
0.000260701	0.294236706
0.284076154	0.601437795
-0.266513421	0.590474464
-0.125852048	-0.502054981
-0.142499753	-0.429698559
0.028234261	0.363148633
-0.417361784	-0.241703548
0.041712946	0.765940260
0.527246308	0.600304193
-0.730763096	0.129726668
0.010253557	0.553313058
-0.268835538	-0.302817961
0.484883899	0.464651041
-0.712343498	-0.640968149
-0.884107745	0.297126807
-0.597627666	-0.480136372
0.438628372	-0.589598860
-0.196794423	-0.533137368
0.773549773	0.385843794
0.225159084	-0.184737281
0.151784053	-0.247594608
-0.584433090	0.281250020
-0.531577756	-0.315196185
-0.589023312	0.478675801
-0.761883128	0.142141150
-0.393207809	-0.536485658
-0.077701717	-0.478340820
-0.598540855	0.038190538
0.818785987	-0.196168521
0.558054166	0.257414358
0.214232619	-0.638740258
0.724276991	-0.012217609
0.747103535	-0.050563926
0.803045110	-0.101112412
-0.096584166	-0.408885704
0.648939511	0.141532707
-0.135466523	-0.659952364
-0.711688309	-0.053433902
-0.090564112	0.210609974
0.468225278	0.310895033
-0.751199488	0.287011264
-0.455574378	0.328959130
0.218138685	-0.880213370
-0.185894458	-0.080019849
-0.661601350	-0.005756850
0.090243860	0.241814484
0.585357446	-0.260816631
-0.616652811	0.318612891
-0.436019281	0.247880666
0.658660528	-0.147707590
-0.805553237	-0.431903585
-0.050316695	0.993717960
0.322677090	-0.713328008
0.762811539	0.639418611
-0.798110054	-0.019049777
0.759205242	0.015995488
-0.989761363	-0.008825766
0.339418374	0.595596083
-0.085791026	-0.705661679
-0.029353771	-0.427130499
0.146630733	0.165092993
0.140965917	0.209533117
-0.172234966	0.019957364
0.521236013	0.777448339
0.013675324	0.639793586
0.271557266	-0.663647586
0.926465578	0.034368803
0.144351012	0.916249400
0.832580156	0.154589650
-0.092576367	0.171998529
-0.249814268	-0.362218765
-0.105235908	0.664394706
-0.067880443	0.865410321
0.030503314	0.378230123
0.288283406	0.858268348
-0.601812512	-0.190480581
0.635716686	0.411862812
-0.550686996	-0.092726050
0.748215225	-0.624221419
0.458962515	0.648485117
0.873211179	0.291542669
-0.196925234	-0.219365189
-0.536458802	0.553260498
0.418416045	0.358305290
0.217655205	-0.649464398
0.223715611	0.454919412
-0.570714109	-0.745781076
-0.166850465	0.717569297
-0.887512729	0.231337023
-0.472911285	0.748203957
-0.356800167	-0.023598280
-0.344522092	-0.608584942
0.352180301	-0.402879339
-0.445917560	0.574363821
0.504799523	-0.572706383
-0.134093510	-0.692125711
0.207928428	0.329447688
0.861134787	-0.373655527
-0.312247022	0.078789991
-0.023119925	0.911468590
-0.466290598	0.406165966
-0.834312487	0.366858937
0.123735263	-0.721825216
-0.401804041	0.650823979
-0.372774303	-0.318143351
0.278977310	0.748212157
0.322575978	0.340519926
0.648394215	0.468281796
0.517930155	0.509529002
-0.411681008	0.071506343
-0.882848279	0.122028394
-0.522327691	-0.717160765
-0.511112669	0.601407572
-0.438985981	0.087083290
0.252231550	-0.412607239
0.269249410	0.961289932
0.858863245	-0.451773280
0.709502089	0.694583649
-0.618713531	0.032078065
0.035103574	-0.358360164
0.220560533	-0.316502211
-0.890078369	-0.261509313
-0.055826179	-0.218654219
0.276054244	0.061325542
0.344164777	-0.607738494
0.355134125	0.905178797
0.479344797	-0.392634326
-0.507428443	0.807823879
-0.513177080	0.761820968
-0.689952313	0.478615898
-0.489306037	0.075373387
0.332973993	0.731254496
0.758871175	0.442895625
0.647443525	0.413919002
-0.266756254	-0.076502231
-0.524755455	-0.363382078
-0.322775678	0.819409322
0.028879428	-0.967641555
0.724588118	-0.491775776
-0.360275880	-0.782840324
-0.683951897	0.126547040
0.472233205	-0.710971670
0.563777811	0.512503017
-0.019637513	-0.925528227
-0.412123596	-0.686663521
-0.701354457	0.403675629
0.689390452	0.031889289
0.668507211	0.004397719
0.036756165	0.708632436
0.205610863	0.676480285
-0.196972676	0.904772755
0.606820877	-0.724739471
-0.806198916	0.170598687
0.787763546	0.174163570
0.245070460	-0.624360051
0.487500049	0.050796727
-0.277612472	0.243732153
0.326268176	0.021033071
-0.352592218	0.015658628
-0.947077640	-0.025418821
0.180293624	0.721429570
0.978978898	0.164337942
-0.581183793	0.015735062
-0.127029622	0.624427070
-0.307784654	-0.201237511
0.146086034	0.495242670
-0.296464758	-0.247093090
0.770503199	-0.102663674
-0.928500105	0.168576057
-0.780627217	-0.343705779
-0.197267904	0.545640960
0.677327293	0.450139878
-0.438700413	0.730249653
-0.575278943	0.741593212
0.451679222	-0.596300046
-0.094068847	0.870495430
0.419435017	0.778901530
-0.422335982	-0.358991467
0.606893032	0.281199260
0.393915443	0.377396230
-0.821464415	0.317421041
-0.064337026	-0.749964519
-0.514002903	-0.130430333
0.809035425	-0.294630119
0.525863889	-0.388232479
-0.748989160	0.203191181
-0.938092601	-0.187689573
-0.066559166	-0.513371545
-0.446096362	-0.614879945
-0.109671590	0.459834791
0.238736320	0.750537984
0.097599597	0.785461959
0.405703049	0.276135183
0.102883000	-0.658633978
0.526170663	0.588880097
0.210935689	0.335206088
-0.705750023	-0.263200422
0.357571244	-0.126568407
0.258551648	0.385837873
0.371309672	0.514167133
0.695601299	-0.389954008
0.264705116	-0.882984915
-0.573553671	0.656251632
0.441713590	0.551024953
-0.199818891	-0.455403411
-0.866523314	0.103326664
0.661557861	-0.572273337
-0.027012520	0.780117000
0.617412477	-0.669441277
-0.346451408	-0.887078061
0.498759813	0.613343278
0.426267372	0.194361112
-0.776610731	-0.309027513
0.311376197	-0.350164402
-0.652775883	0.456698102
0.007723053	-0.025937366
-0.666465704	-0.099885972
0.300414406	-0.532989018
-0.996559309	-0.038027734
-0.105262355	0.843566933
-0.429496266	0.867725125
-0.699161850	-0.559682548
-0.006040926	-0.722950002
-0.693427378	-0.694664730
-0.073114403	-0.346203261
0.762033372	0.100767121
-0.557265553	-0.230243574
-0.925170246	-0.223731258
0.669870454	0.375244161
0.243279725	0.673311145
0.516878077	-0.092279840
0.095636371	-0.795973659
0.417794534	0.396474521
-0.355656207	0.607127297
0.196072484	-0.301995477
0.222727433	-0.809968443
-0.024945479	0.529300055
0.002707239	-0.374168759
0.027156625	0.077536993
0.402099983	-0.302972922
-0.547218846	-0.354620292
-0.629661778	-0.210002420
-0.216602923	0.887216299
0.697717741	-0.210860430
0.027778307	-0.206645889
-0.006834089	-0.554427160
-0.664485775	0.275427570
0.575932673	0.310568747
-0.195272375	-0.928700500
0.212508863	-0.012175580
0.613655661	0.355856325
0.292753095	0.015755644
0.661135352	-0.576778375
-0.464468172	-0.555467572
0.233671998	0.338216231
0.026603680	-0.773162092
0.783789071	0.216432311
-0.397666574	-0.800138163
0.111916778	-0.821733902
-0.750434401	-0.277060554
-0.095531177	-0.421734702
-0.061844452	-0.481875517
0.976442892	0.195015478
-0.589773348	-0.488025280
0.639547906	-0.279335425
-0.254775711	-0.126780097
0.100057811	0.842669876
-0.011739720	-0.035594577
0.679159083	0.590593706
0.164267259	-0.208924139
0.768859805	-0.325302158
0.397637288	0.612189086
-0.403309299	-0.664207165
-0.869686432	-0.469187676
-0.433298522	0.664193695
-0.482182649	-0.456855631
-0.140790828	-0.071955997
0.055119089	-0.501242922
0.371976981	0.707589383
0.572171346	-0.527965208
0.550259258	-0.439568375
0.436440214	0.229418341
-0.848974669	-0.399292527
0.275405314	-0.271785536
0.938310537	-0.326957399
-0.659596450	-0.464998763
0.008835437	-0.529282882
0.065813562	0.575536915
-0.881318716	-0.005880015
-0.488325084	0.173800373
0.492877063	-0.839616507
-0.025856250	-0.135145957
0.867972876	-0.453684904
0.336888835	0.418232133
0.106746722	-0.226670952
-0.352349527	0.257772052
0.374036520	-0.331855326
0.177657187	-0.350558166
0.396359140	0.115967723
0.322484436	0.736762690
0.650968960	-0.668680128
-0.792520192	-0.283217478
0.336510607	-0.187911650
0.199338443	-0.170612331
-0.027528157	-0.826517807
0.694241712	-0.159555282
-0.280202711	0.031130546
0.804459594	-0.093672676
0.084316062	0.178496115
0.574471999	-0.738026752
0.827937948	-0.029168862
0.377940971	0.150422384
-0.292406173	0.028909931
0.481742256	-0.084926365
0.745692453	0.388599043
0.257464257	-0.953894113
0.414137114	-0.406025137
-0.141805762	-0.386524443
0.423362531	0.830666081
-0.213042250	0.117604242
-0.328889201	0.506755039
-0.851265212	-0.070212351
0.131690496	0.410586972
-0.320411642	-0.040371556
-0.889949173	0.089011937
0.086439260	0.591793083
-0.019607874	0.261549828
-0.121762401	-0.605470761
0.008004796	0.278887221
0.567097918	0.794962546
-0.603508537	-0.761791284
0.301717585	-0.454773749
0.167996365	-0.364983367
-0.501579367	0.004111339
0.052631744	0.630111129
-0.585301690	0.732220102
-0.410260428	-0.203883580
0.789749431	-0.300209601
0.885128356	-0.123811310
0.708320402	0.271975608
0.150763755	-0.413442000
0.666504848	0.006288445
-0.677010163	-0.325490357
-0.530527811	-0.318332871
0.226893380	0.296292836
-0.593793595	0.725314013
-0.699595827	0.458838149
0.355425141	-0.284897516
0.191058251	0.945164712
0.511218904	-0.019192319
-0.355044889	0.396347260
0.856996371	-0.063461407
0.285561188	0.565316773
-0.791485799	-0.563675058
0.442613388	-0.525135390
-0.450471309	0.727789054
-0.635047636	0.019000880
-0.590543818	-0.506751165
-0.209809348	0.636349561
0.789541671	0.196397058
0.361663573	-0.910054157
-0.344764794	-0.282911287
-0.194951672	0.846293457
-0.337746575	-0.683732768
-0.172898863	0.307208536
0.712614491	-0.315902493
-0.756252872	-0.001824322
-0.750585721	-0.547738671
0.434500621	-0.598710947
-0.672719623	-0.122885991
-0.123846338	-0.123190931
-0.395096939	0.241106027
0.895809949	0.014359244
0.734354862	-0.313999398
-0.349291196	0.523896532
0.613842376	-0.462367135
-0.270538910	-0.581109296
-0.616073678	0.391714515
-0.264842065	0.211027459
-0.301076950	-0.552227574
0.895124967	-0.057329822
0.445948105	-0.855460755
0.394931508	-0.119551275
-0.454171702	0.722211885
0.757562734	0.421981961
-0.400979046	-0.637534206
-0.336912012	-0.505169097
0.376825038	-0.602557151
0.180831505	-0.972466158
0.921339381	0.063229164
0.600862029	-0.230632690
-0.838918175	-0.310769605
0.195815810	-0.139995126
0.137002821	0.090940776
0.802675053	-0.417049075
0.235480021	0.197606560
0.463399650	0.781308320
-0.080181555	0.220962383
0.203290281	0.518839399
-0.986329699	-0.039746784
-0.736178884	0.194501806
-0.012212942	-0.814839504
-0.742269032	0.027693278
-0.636354893	0.039197157
-0.181852714	0.500647928
-0.869862068	-0.379177661
-0.916401148	0.365617953
0.818428899	0.546998503
0.146926272	-0.261752656
-0.232039114	-0.649783448
-0.742913258	-0.648610936
0.311642280	-0.519584064
0.465258849	-0.700570662
-0.334423568	0.722989817
0.327122616	-0.614081315
0.581582813	0.124183204
0.082325615	-0.576021495
0.555223788	0.106843473
0.077971482	-0.676815326
0.457060026	0.335058224
-0.325426262	0.673654845
-0.845929220	0.071074115
-0.714354644	-0.180352787
-0.205936069	0.612767972
0.205565898	-0.624353256
-0.263048825	0.265899296
0.719749691	0.614504233
-0.140928532	-0.758955070
0.622729518	-0.181011331
-0.419230930	0.177953305
0.501137979	0.382892168
-0.006201224	-0.824288283
0.056547012	-0.400385958
-0.838072266	0.210617792
0.670688158	-0.552426911
-0.939658940	0.235830903
-0.159601168	-0.202707765
-0.498269803	-0.358990264
-0.383430976	-0.808392002
-0.094218043	-0.663681285
-0.422636355	0.428841748
-0.416157906	0.158132715
-0.393204947	-0.490325764
-0.183126733	-0.892066969
-0.716355252	-0.050886585
-0.589713916	-0.554427517
-0.106854428	-0.810003789
-0.454273671	-0.046513367
0.425827114	0.386125161
-0.880834691	-0.067083147
-0.296333394	0.925277539
-0.302229722	0.281030251
0.354119288	0.281612373
0.791286609	0.256036233
0.066708275	-0.647507880
-0.367033574	0.476994359
-0.201935397	-0.207302366
0.557968600	0.691210175
-0.017306155	-0.896305071
-0.355303193	-0.591479041
0.489820090	-0.604524325
-0.663921730	0.516954987
-0.237176434	-0.544756422
-0.550128161	0.466490173
-0.619478883	0.147642118
-0.252479577	0.734640404
-0.570745511	0.186683389
-0.557280379	0.764402117
-0.883105764	-0.462639464
-0.013577746	-0.085041161
0.330058170	-0.455609146
-0.393830987	-0.687247986
-0.351914217	0.250865820
-0.278727027	-0.862094128
0.646341495	0.057351242
0.654860859	-0.590834940
0.252374815	-0.376824345
0.627756342	0.681629306
0.809859045	0.323311086
0.087713202	0.806564513
0.762006561	0.204607438
-0.656074952	-0.251571186
0.292819668	-0.274264712
0.171070206	0.090779693
-0.469061450	-0.201173453
-0.227591002	-0.659202406
-0.877862368	-0.325420599
-0.406623741	0.209850834
-0.518856087	-0.644617181
-0.585541729	-0.174931040
0.103811633	-0.465975453
-0.500947823	-0.603368699
0.259759836	-0.514212591
-0.662463249	0.236360944
0.193795614	-0.583651927
-0.140696453	-0.040844939
-0.849979747	-0.108588790
-0.200825895	0.408179533
0.079204824	0.330112655
0.670910249	-0.670856288
-0.473806777	-0.735713493
0.538994547	0.007337136
-0.512522635	-0.668541727
-0.182754319	-0.542350989
-0.016401854	-0.988958705
-0.126002916	0.842901694
-0.029803644	0.024017337
-0.265687097	0.207305683
0.012442468	0.533487008
-0.384514784	-0.908352707
-0.136400338	-0.177508705
0.151635008	-0.530545662
-0.201203582	-0.309370446
0.476791474	0.418465745
-0.355917628	0.309197569
0.141946705	0.131559738
0.640655842	0.262058966
-0.121203061	-0.542098478
-0.531057183	-0.406294939
0.705296778	0.439139172
0.617722399	-0.560390320
-0.353555145	-0.369835133
-0.278187841	-0.163303651
-0.915578634	-0.334926726
0.371206261	0.236056373
0.134527612	-0.829997322
0.588468424	-0.429231701
0.920516654	-0.269584872
0.702328037	0.561172494
-0.556479940	-0.511983167
-0.411573483	-0.426399140
-0.446225603	-0.438476796
0.835530931	0.275586556
0.940659831	-0.230574186
0.156008669	0.075187442
-0.060571507	0.082694596
0.686506528	-0.472103084
0.653462895	0.607023181
0.258312043	0.355790931
0.168195676	0.250786136
0.936915907	0.187269692
-0.037031794	-0.619564034
0.675286525	0.268855339
-0.470747197	0.602442530
0.192464868	0.117679321
0.021825822	0.077422078
0.931526616	-0.037514348
0.846847893	0.087535284
-0.962326907	-0.213723615
0.314173300	0.823692775
0.331202803	-0.427514656
0.179483706	-0.500601522
0.823271480	0.116399613
0.686668170	-0.213760313
0.496835579	0.361954693
-0.035602777	0.247559893
0.143767703	0.140440613
-0.006200842	-0.177029773
0.152014932	-0.984375021
0.900392306	0.083541547
-0.021889369	0.747240198
-0.828923169	0.015783724
-0.466483418	-0.658693289
-0.260036654	0.847689883
-0.579824774	0.344483191
-0.429435375	-0.756553294
-0.539117197	-0.742767206
0.029686393	0.957718383
0.619187487	0.084781417
-0.667658691	0.127574467
0.724025322	0.326140467
0.950544693	-0.123959747
0.341765445	0.850936999
0.335659800	-0.868306222
-0.356994408	-0.557669179
-0.025413289	0.672691985
-0.599950798	-0.406225803
-0.242526599	-0.616144034
0.177358907	0.089814710
0.511430433	-0.098615772
-0.584044823	0.461975125
0.312912124	0.737006282
-0.922403303	-0.088910681
0.867664914	0.413256497
0.042783097	-0.660369745
0.488879641	0.022166756
-0.023404918	0.635668933
0.421725643	-0.041956900
0.400373921	0.327609560
-0.815720912	0.098742663
0.584711330	0.695709521
0.157684645	0.777551374
0.758387128	-0.529403232
0.514557656	0.835983825
0.381686087	0.382222569
0.249240321	-0.575530817
0.721852824	-0.261880039
0.446635941	-0.301552094
-0.626211107	-0.131638418
0.656491006	-0.273188257
-0.066907183	0.056864925
-0.142711953	0.975805060
0.165412655	0.041567135
0.074547723	-0.249876016
-0.262723345	0.074674614
-0.249209511	0.894961300
-0.147774012	-0.490822384
-0.634441932	-0.633216357
-0.654838559	0.747244156
0.749006213	0.594401762
-0.828286661	0.470859036
-0.667478277	0.618349280
-0.830693060	-0.293689384
-0.513289138	0.825797946
0.433122360	0.419803679
-0.117337130	0.487543662
0.463348721	0.255732368
-0.218481948	-0.462103557
0.612571058	-0.243353160
0.413756007	-0.535202955
0.265824456	0.779314075
-0.168419311	0.610985897
0.526558230	-0.419413100
0.205387659	0.698271570
0.316620849	-0.779247124
0.223135389	-0.070786307
0.164886019	0.313455103
-0.330835391	-0.371765261
-0.430812530	0.450682662
0.166131182	-0.424956179
-0.030522632	-0.221297760
0.331690661	-0.616766626
0.243499285	-0.402484882
-0.344333127	0.413888673
0.387377249	-0.292887192
-0.048201946	-0.296001902
-0.072134316	0.196018052
-0.492670192	-0.025583493
-0.126639592	0.730465197
0.043920300	-0.427205192
-0.333518834	0.613107770
-0.811848409	-0.007045161
-0.388685413	0.519842252
0.376188213	0.854813872
0.227841342	-0.414439283
0.739747057	-0.384781411
0.292673526	-0.308454889
0.319216687	-0.779460790
0.194955716	-0.239076431
0.557011692	0.098585915
-0.200830004	-0.399068010
0.671380725	0.465651162
0.298263508	-0.597808651
-0.312186968	0.909578096
0.602736907	0.694285812
-0.634750646	-0.169421753
0.445796837	0.572520054
-0.203458479	-0.234986476
0.793059264	-0.315895318
-0.408439982	-0.011985020
0.445028252	-0.851428292
-0.250496301	0.757981620
0.709849409	-0.036456542
0.452839813	0.008112917
0.365734808	-0.859347155
-0.082308988	0.287768409
-0.795345911	-0.317917022
0.327159380	0.807390996
-0.623631211	0.692408734
-0.362030757	-0.343784682
-0.771264629	-0.406053336
-0.151220398	-0.978205366
0.278051346	0.440339621
0.009809615	-0.276920402
0.588911329	0.096410510
-0.032722155	-0.661584972
-0.145607872	-0.322872746
0.301958486	-0.692768060
0.685240171	-0.332306707
-0.552115215	-0.397068818
0.285014161	0.282621083
-0.540070130	0.661382951
-0.024970185	0.097899112
-0.682401732	-0.227565040
0.181665192	-0.453666362
-0.431871727	-0.355567030
0.470784414	0.577937888
0.367512568	0.059695744
-0.325651603	-0.665209588
0.398110771	0.528740525
0.011917665	-0.299930744
0.835972465	-0.302842165
0.367762549	-0.716142749
0.300089017	0.323224252
-0.063603875	-0.414896822
-0.394154667	0.396325996
-0.753513873	0.580875150
-0.505774893	-0.435915605
-0.646689892	0.675890299
0.110418033	0.719691732
0.706335094	0.678546307
-0.635875299	0.177119507
0.256484193	0.731637268
0.459573114	0.078345345
-0.665004724	0.295545580
0.579402830	0.075592197
0.025982078	-0.484201045
0.660695375	0.631827412
0.212702561	-0.593649942
-0.528734104	0.566012669
0.285704400	0.788575450
0.260230236	0.649829102
-0.034305043	-0.483285570
0.381466369	0.202510207
-0.552452981	0.447894049
-0.162563772	0.907120134
-0.473760606	0.172431504
0.202665712	-0.698257427
-0.124810670	-0.217931458
0.377334770	0.901171409
0.297867496	0.038030145
0.532998820	0.209992447
-0.054788353	-0.254298621
0.616342504	0.416477544
-0.688285952	0.698582861
-0.001838526	0.597418448
0.487158310	-0.741608291
0.247247548	-0.547146734
-0.224893861	-0.371286083
0.655363473	0.222653159
0.129773291	-0.397152642
0.665231204	-0.667560997
-0.095410068	-0.459579467
0.114507544	-0.718075298
-0.558408059	-0.587624960
0.622367486	-0.734833507
-0.279707861	0.238709990
0.681644037	0.032006187
-0.062707150	-0.320194490
-0.370575365	-0.575548840
-0.061802780	0.876672183
-0.122695574	0.713303359
-0.494613901	-0.467332102
-0.064043483	-0.418005935
0.025467598	-0.934270193
0.184841424	-0.309301198
0.231119335	0.512676354
-0.628643942	0.672711277
0.647302037	0.547418880
-0.213871130	0.638121436
0.399600363	0.723421720
-0.852127122	0.256124165
0.905697181	0.025177304
-0.030572475	-0.588916721
-0.006922655	-0.416687201
0.274011601	-0.630717342
-0.732649876	-0.494869063
0.881959014	-0.361293818
0.354429287	-0.713505515
0.498667032	0.527060966
0.037030057	-0.531905444
-0.626521403	-0.068778410
0.178188058	-0.655407554
0.109140358	-0.547800340
-0.286124896	0.376490483
-0.042669404	-0.404165883
-0.984803336	0.135172809
-0.597155477	-0.654786249
-0.039682942	0.757273811
-0.368291762	0.153055484
-0.254605728	0.761811841
-0.201132975	-0.633241943
0.893819024	-0.189305350
-0.234371387	0.831963269
0.405569909	0.139107210
-0.236815142	-0.416242034
0.483699656	0.872325217
0.035957626	-0.802425240
-0.206591123	0.264012364
0.128461030	0.196253401
-0.046472789	-0.759065647
0.241833572	-0.148640824
-0.386828984	0.596125536
-0.646014100	-0.613164390
0.197530260	-0.340711794
0.798395417	-0.157046950
0.186858134	0.282095072
-0.284721734	-0.777184240
0.228106329	0.344565011
0.469332109	-0.162667555
0.433343099	-0.577140681
0.078266797	-0.324823330
0.274218496	0.875525309
-0.337595487	0.887389512
0.471650845	0.016390414
-0.725774879	0.365310438
0.264195338	0.471755380
-0.813083422	0.261713682
0.105089132	-0.097805156
0.484529442	-0.415241036
-0.133711190	0.700633422
-0.142162328	-0.905604863
0.045198433	-0.672830219
-0.068272418	-0.521458469
0.153718201	-0.975752406
0.911637107	0.357170532
-0.167486872	-0.814137774
-0.277519030	-0.903291536
0.657617608	-0.252920387
0.440671993	0.732473155
-0.429926327	0.627588572
-0.005813163	0.675162805
-0.470216585	-0.521283722
-0.740078232	0.396072224
-0.820650300	0.117759441
0.490467363	0.224548133
0.444929221	-0.577805056
-0.567810677	-0.143192135
-0.327069421	-0.869156979
0.674879543	0.505443707
-0.683294752	-0.602639488
0.144440126	0.042824164
-0.329587266	-0.299017153
0.389676604	0.200196150
0.179699125	0.649598372
-0.403731626	0.359048825
-0.232642188	-0.913264264
-0.416403043	-0.787712968
-0.491069319	-0.713313379
-0.592754647	-0.058879996
0.143494486	-0.373548732
0.258829015	0.816425065
-0.242705711	-0.066291442
0.321868771	0.073999537
0.331069071	-0.075979058
0.048322392	-0.524490804
0.966845105	-0.244881598
-0.809977005	-0.362742160
0.456101249	0.579699599
0.837453990	-0.364199627
0.229297970	-0.566277637
-0.479541900	-0.421553844
-0.791057186	0.029388780
-0.134867224	-0.383811833
0.242639435	0.229337799
-0.836953644	0.146921098
0.073933261	0.494115427
-0.122625946	-0.840352382
-0.324955016	-0.666524698
0.739347217	-0.487501027
-0.030724324	-0.031354814
-0.053778664	-0.035875126
-0.034699033	0.466679436
0.542571029	0.174243782
-0.503931785	-0.592296194
0.790431949	-0.533423001
-0.583668932	0.033071384
0.033005108	0.858961155
0.388304493	-0.893061632
0.353076581	0.459246533
-0.770805980	0.322701203
0.497033677	0.106568074
0.482348821	-0.827921340
0.440043377	0.221696037
-0.315422367	-0.590680947
0.373443926	0.155642190
0.097478405	-0.083985044
-0.670114029	0.593546620
0.323718762	-0.879682080
0.153389304	0.756038417
0.614999571	0.369737718
-0.706667220	-0.031923849
-0.171015750	-0.477473200
-0.709222646	-0.673982074
0.629094875	0.773126176
-0.501903414	0.069138252
-0.005177789	0.182674219
0.478457304	0.185163433
-0.186526813	-0.148098770
0.767916186	-0.329308406
0.504498212	0.091634946
-0.208990486	0.564621831
-0.168315224	0.944398819
0.320660248	-0.186882000
-0.869206770	-0.064340182
-0.817144283	-0.575873990
0.903735969	0.011839967
-0.053347190	-0.805486677
0.337857892	-0.424252316
0.644885936	-0.037538291
0.018628696	0.123343239
0.159122359	0.247551686
-0.165204399	0.950131874
-0.187826483	0.666480377
0.068493582	-0.337545906
-0.550550070	-0.027770449
0.674294061	0.396102740
0.166742874	0.012151953
0.971850424	0.134382371
-0.151893570	0.616736360
-0.259920402	-0.755530779
0.698837009	-0.284675933
-0.267100014	0.441890483
-0.310557832	0.293280323
0.842154218	0.501615685
-0.040239301	0.736684908
0.634449449	0.439359075
0.762008829	-0.297056970
0.607561498	-0.158084546
-0.211740818	0.579411922
0.196148281	-0.926858095
-0.682388875	0.201937747
-0.348448055	0.050511112
-0.356171771	0.110036667
-0.057466544	0.333270398
-0.596683011	-0.215312327
-0.165113918	0.363077688
-0.478627420	-0.530664470
-0.197563238	-0.716618592
0.172278560	-0.095750069
-0.505159833	-0.152548859
-0.319642840	-0.897598336
0.689366596	0.468616343
0.681813585	0.665664421
0.104981955	-0.122038135
0.738806326	-0.391917307
-0.185810256	-0.943582550
0.810020440	0.465741689
0.106928562	-0.546151331
0.787119066	-0.020904656
-0.165850309	-0.377994853
-0.657826969	0.355522272
0.091340677	0.144609793
0.638903680	-0.736380762
0.111070379	-0.270783117
-0.763854490	-0.199563026
-0.533898606	0.302815181
-0.204079039	-0.795092281
0.075852393	0.368253733
-0.369273909	-0.748134559
-0.416108804	-0.027100878
0.607387713	0.675231873
-0.882491087	0.246291393
0.380035239	0.049921489
-0.104414479	0.616180749
0.850358464	0.093418747
0.534139845	-0.683540143
-0.603766073	-0.669939195
-0.478632423	-0.692868200
0.940171510	-0.217307252
-0.971949887	0.016023902
-0.332345351	0.568662231
-0.835296857	0.298380740
0.820527673	-0.251405662
-0.728720140	0.427915385
-0.576173790	-0.611211226
-0.325793223	-0.637322679
0.412598810	0.450742933
0.670422765	0.262957273
-0.455838321	0.204562610
0.579417131	-0.059604395
0.247527405	0.474794924
-0.116522546	0.275577518
-0.509181175	0.034423934
0.478394613	0.158473474
-0.396913835	0.643097756
-0.543145788	-0.576386164
-0.608307906	-0.271865927
0.851529221	-0.184481696
0.116922848	-0.474264002
0.178195625	0.672080259
-0.420021986	-0.409205565
0.122823190	-0.749599222
0.454963389	0.433168838
-0.392619527	-0.010413197
-0.535618273	-0.582569002
0.130485396	-0.044799448
0.451854933	-0.391119991
-0.748022236	-0.429471763
-0.521445067	-0.356330142
0.298662311	-0.669915847
0.459188162	-0.584414842
-0.144179849	-0.362616213
0.228178222	0.210488607
0.686198943	0.081929929
-0.122526525	0.141162331
-0.484901233	0.484853949
0.339761827	-0.404869141
-0.533516691	-0.529752778
0.079127231	0.664005437
-0.765466327	-0.548165730
-0.218081577	0.433963015
0.073536737	0.299525024
0.246935164	-0.240264320
0.900898010	-0.103446281
-0.054393970	-0.050975586
-0.373221998	0.412089339
0.419271636	-0.822890587
0.330427580	-0.501601132
0.841114850	0.303706918
0.608844507	-0.462540391
0.238241731	0.557625649
-0.824801817	0.309588533
0.594072207	0.248734921
-0.390886444	-0.158992630
-0.991529400	-0.009431492
-0.034583992	0.909368611
0.887122228	-0.425321405
0.941015754	-0.167271743
0.523703010	-0.432206245
-0.755182405	-0.057025355
-0.255096831	0.575245175
0.441373513	-0.413981982
-0.121047908	0.270877376
-0.338333459	-0.365506721
0.075156091	-0.729488952
0.171952888	-0.686602179
0.828136697	0.347151071
0.622986354	0.422208903
-0.404114009	-0.767900091
-0.736783728	-0.395643409
0.222668416	0.228632280
-0.486274799	0.109790643
0.803310876	-0.545259046
0.942518900	0.327013884
0.022534710	-0.812663506
-0.646544104	-0.358466239
-0.017760583	0.015122437
0.276027039	-0.942604492
0.285633485	-0.552020073
-0.629206671	0.113770182
-0.464020916	-0.608983011
-0.774120410	-0.200804644
-0.004626420	0.448548007
-0.441661350	0.831138512
0.158152395	-0.013625555
-0.311805956	0.428140925
-0.246187677	-0.549224286
0.139502967	0.107268219
0.092309475	-0.878257616
-0.820862108	0.408024141
-0.183683559	-0.450068779
-0.478205678	-0.388552561
-0.456289096	0.057773406
0.002464428	-0.230409506
0.506936789	-0.223522849
0.715934909	0.470776525
0.277334701	-0.125912696
-0.697771772	0.210963293
-0.583695542	0.441731196
-0.681768489	0.508613934
0.563473580	-0.559377833
0.848646308	-0.306733112
-0.707457308	-0.629559371
0.304714326	-0.163746404
0.428214036	-0.692821246
0.605844091	0.285182797
0.169979194	0.811953551
-0.399540259	-0.114085897
0.282730075	0.877794442
-0.049155664	-0.740372356
0.503960831	0.269075847
0.768241578	0.067434410
0.709698014	0.645192024
-0.189954118	0.558344321
-0.661541089	0.102588574
-0.357818219	-0.744631248
0.368668850	0.812160976
-0.301924922	0.350052377
0.089933420	0.690246219
0.309853603	0.718115440
0.091701358	0.019551617
0.363307465	0.901747240
-0.422104063	0.701766375
0.004335814	-0.493319113
0.344939612	-0.056822016
0.863679873	0.295291602
-0.512135757	-0.494138346
-0.681977371	0.617982656
0.825661684	0.016097707
-0.031964968	0.672584717
-0.901253792	0.312704798
0.030820238	0.110448615
-0.571848574	-0.605872298
0.012195855	0.006047364
0.512728251	0.440833688
-0.040290349	0.376408123
-0.263874709	0.447573894
0.304106987	-0.799707594
0.904768300	0.129768671
0.216390113	-0.127196669
-0.197646613	-0.309435697
-0.069228218	-0.834815679
-0.314955388	0.029517990
0.477889119	-0.296208131
-0.561882200	-0.491290644
0.814240484	-0.133730773
-0.097162942	-0.173563662
0.872316590	-0.001268866
-0.157031994	0.385044841
-0.560435178	0.802677657
-0.238547036	0.175690113
0.250251551	-0.356277260
0.462475757	-0.445641462
-0.155984853	0.367244056
-0.759952613	-0.513519405
-0.249030437	0.170819169
-0.348335084	0.436014175
-0.860193957	-0.361545040
0.504724187	0.541100449
-0.219517134	0.377040777
-0.460168417	0.623450872
-0.237914383	-0.020603595
0.426128530	0.523538581
-0.844913483	-0.323619920
0.230738617	0.011276468
-0.015193670	-0.085134175
0.071681727	0.224853717
0.401346420	0.822651290
0.258665464	-0.403989955
-0.817434630	0.398471508
0.234465005	-0.179171239
0.352518036	-0.260810808
-0.883770032	-0.098239208
0.756451773	-0.121684415
0.881157197	0.182580302
0.858960383	-0.430884513
0.653805989	0.089698999
0.580391955	-0.361387682
0.863466036	0.405911243
-0.525275028	-0.740861080
0.458922579	0.733390436
-0.144851033	0.641487949
0.131861944	-0.910386029
-0.537683290	-0.515620021
-0.171196837	-0.175754081
-0.382619120	-0.054966868
0.726006712	-0.626167347
0.556412956	-0.774797117
0.643407622	0.415373337
-0.205681630	0.297213610
-0.494927665	-0.625289676
0.026784006	0.799291963
0.234899414	-0.086420151
0.015958929	-0.633238642
0.003193821	0.478275639
-0.148858663	0.831996985
-0.697478442	0.468522217
-0.222969884	-0.971471732
0.842354869	-0.399621167
0.635692176	0.398767824
-0.174418284	0.279099797
-0.185858840	0.619900086
-0.423686594	0.319213496
0.828850655	0.021394415
-0.477096607	-0.630137821
0.118870037	0.757802808
0.283442028	-0.865171035
0.613104605	-0.024294499
-0.555772283	-0.104337051
0.496041782	0.579846606
0.685350410	-0.678376503
-0.141053596	-0.500508430
-0.042471594	-0.741169561
0.391954777	0.480431800
-0.371307382	-0.489175187
0.238234606	0.912134646
-0.354346221	0.362798771
-0.661495729	-0.682596674
-0.825615455	-0.217268012
0.213066275	-0.881461025
0.069314574	-0.290891944
0.698385581	-0.245335016
0.030731553	-0.442668016
0.254156554	-0.027744866
0.992591796	0.072861620
-0.091610875	0.939990940
-0.279582660	0.865917533
0.346349331	-0.172486003
-0.376803071	-0.415416063
-0.260351358	0.268850708
0.947382708	-0.061580864
0.527609091	-0.714113021
0.255822463	0.701993636
0.068618967	-0.531111263
0.177996793	0.518918191
-0.107401476	-0.791271655
0.180983481	-0.931158030
0.219616698	-0.910627395
-0.947593848	0.301639469
0.035168283	-0.324396919
-0.286763939	0.472062879
0.174056514	0.188112059
-0.562052741	-0.005410877
0.326045599	0.615944053
-0.486492686	-0.781355876
0.824672399	-0.410242511
-0.634600798	0.005655879
-0.341400541	0.585015899
0.095028484	-0.332567633
0.525049936	0.050318622
-0.124913347	0.577456088
-0.632633555	-0.156367651
0.379392760	-0.194686294
0.838221474	-0.294561642
-0.578742242	-0.648271213
-0.075917518	-0.754069844
-0.058513724	0.289481683
0.251586035	0.600085735
-0.125502418	-0.653385482
-0.732481899	-0.600452483
0.396933140	0.142604755
0.052859691	-0.769937227
0.136239476	-0.902848436
-0.749858968	0.503605922
-0.059216085	0.629533792
-0.691080373	-0.220994613
-0.665027850	-0.269822615
0.130734174	0.259054632
-0.023892458	-0.927779551
-0.451463685	-0.772306424
0.672306185	0.423033897
0.082429040	0.799585018
-0.126779715	-0.542776481
0.513065682	0.495158999
-0.447837305	0.404898559
0.239767124	0.528270237
0.477119009	0.788303438
0.755963812	0.149425192
0.211337335	-0.669728094
0.089249477	0.033918748
-0.166496235	-0.978354398
-0.693032753	-0.136848445
0.728850788	0.180187532
0.320375074	0.494916307
0.189647293	0.874750159
0.511122858	-0.297287025
0.369909157	0.156863200
-0.475301715	0.644073542
0.137575692	0.076860980
0.048972101	-0.622657185
-0.394868784	-0.473908892
0.675516301	0.376983588
-0.308633066	-0.235234223
-0.589097665	-0.007119926
-0.063555706	0.244406101
0.014525676	0.243411542
-0.892442345	-0.256623537
-0.576400926	0.427932730
-0.761707230	0.613246367
0.302682888	0.749415628
-0.684040659	-0.327407956
-0.093721173	-0.159342374
0.917518605	0.365637687
-0.578802667	-0.477350180
0.891728796	-0.413156414
-0.116255152	0.567245096
-0.667989127	-0.625270491
-0.432008145	0.268455167
0.619135610	0.582517531
-0.488133292	0.726693265
-0.674106006	-0.064534219
0.154625995	-0.435813237
-0.451287852	-0.542691118
-0.686397610	-0.135328510
0.129900926	0.219881217
0.705329115	0.446566513
0.263735735	0.622847721
-0.187795801	0.684933067
-0.854502460	-0.296067006
-0.728223347	0.029242388
-0.395645830	-0.396811038
-0.389666664	0.172346025
-0.245136444	-0.616489163
0.956162211	0.080757550
0.318976618	0.110788204
-0.267639745	-0.302001988
0.178427918	-0.562310630
-0.939462910	-0.043231276
0.660701718	-0.601126629
0.235277019	0.931879807
-0.365522802	0.839631190
-0.464931231	0.244810534
0.011977215	-0.593287103
0.474279479	0.766840771
-0.209776266	0.430441688
-0.152401681	-0.890799648
-0.458770108	-0.507457369
-0.548910667	-0.290750627
-0.192675010	0.629517251
0.146938743	-0.048110486
-0.928319097	0.207475833
0.413510464	0.569359955
-0.402349007	-0.351212518
0.501239761	0.232128191
-0.523061275	0.500395886
0.267236656	0.233245162
0.381659892	-0.885165025
0.342445514	0.922889784
-0.392622394	0.319334631
-0.967783239	0.058466939
-0.971415997	-0.160458249
-0.312015811	0.175522747
0.791431266	-0.240334908
-0.617001421	0.700089503
-0.041557287	0.796509043
0.269449457	0.556093706
-0.554703476	-0.229310782
-0.211778104	-0.066284804
-0.193002252	0.265160621
-0.565888919	0.250019177
0.216378824	0.701347737
-0.516735662	-0.401961284
-0.479071501	-0.576439683
0.145044483	-0.446854740
0.482027256	0.173628487
0.392687011	-0.829988556
-0.650848767	0.184118276
-0.070323464	-0.267850187
-0.115792222	0.888119250
-0.471341145	-0.846342766
0.444212954	-0.026044621
-0.075653547	-0.767565150
0.497595471	-0.658218344
-0.018636623	-0.286025705
0.312013010	0.859312106
0.290337566	0.832941510
-0.717127577	-0.564617951
-0.613913231	0.764899678
0.609010536	0.778773781
-0.037107944	-0.135412342
-0.309688419	0.847099835
-0.247293093	0.218970436
-0.807074185	-0.074896479
-0.343552278	0.926950183
-0.557621953	0.637811099
-0.359075523	-0.514492559
0.102438814	0.952937487
-0.655180454	-0.607223621
0.785878996	-0.372308031
-0.171841573	-0.828034235
-0.607408353	-0.562831037
-0.604669269	-0.086368399
0.192090428	0.085642312
-0.239268565	0.944797336
-0.695387252	-0.238511496
-0.858282803	-0.502461437
0.686592026	-0.428928092
-0.401865047	-0.656960253
-0.501977910	0.040513000
0.980850846	0.138946567
0.526020441	0.083289659
0.091884055	0.870839988
0.476066039	-0.122236950
-0.501468044	-0.695775535
0.049728815	-0.108876397
-0.258606571	0.000468360
0.218626372	0.136724160
-0.777633528	-0.325168605
-0.644485865	-0.473020781
0.436319899	-0.502768668
0.024517783	0.122911925
0.068303240	0.622652736
0.465951673	0.566325330
-0.336834265	0.446802518
-0.294728103	-0.810813824
-0.469907823	0.797155952
-0.325080999	-0.441441881
0.449681722	0.051776109
-0.274883824	-0.331691906
-0.811499732	-0.360783864
0.079024894	-0.589133260
0.314047533	0.434539029
-0.062154040	-0.249632569
0.873279356	0.000073600
0.585016479	0.339231028
-0.433601070	-0.751817787
-0.213966454	0.271670827
-0.562631611	0.316125723
0.068826778	-0.502605447
0.322283938	0.743745779
0.055952672	0.632666618
0.468393596	-0.494365606
-0.315557273	-0.806490228
0.173942487	-0.127057004
-0.167274092	-0.747032619
0.283809736	-0.853226560
-0.102859128	0.619276771
-0.815980563	-0.229579772
-0.380649630	0.769035916
-0.890348745	0.185749300
-0.982781871	-0.104315199
-0.542579873	-0.545413482
-0.788189476	0.526246905
-0.048018928	0.534094462
0.166761079	-0.261613721
-0.486431863	0.851203807
-0.068103949	0.687510624
-0.275853199	0.764621960
-0.770387768	-0.191463729
0.247261186	-0.586368331
0.052360856	-0.800114286
-0.415707445	0.509780983
-0.345527768	-0.203896921
0.036027888	0.606453304
-0.669802460	-0.693979428
0.614387047	0.496958620
0.044406851	-0.872044817
0.383928228	-0.690122004
-0.539143468	-0.368810587
-0.276490334	-0.960186969
-0.502199031	-0.093822749
0.728420786	0.550161825
0.106062965	-0.687286660
0.059942808	0.760535198
0.108816419	-0.904029305
0.366988501	0.439013960
-0.598008733	-0.018624451
-0.064027422	0.446398119
0.109330732	-0.715864996
0.422701021	-0.075203460
-0.643555769	0.163625883
-0.319259647	-0.563290004
-0.184053857	-0.935331420
-0.253412008	0.276802675
-0.304142006	0.470097658
0.316615705	0.193658962
-0.623725091	0.045036490
-0.256179213	0.482337874
0.357749830	0.803763594
0.242873071	-0.533433752
0.899734290	-0.390138427
0.591237121	-0.158447214
0.748123675	-0.299432148
0.125687790	0.170824696
0.625364393	0.482132021
-0.665549422	-0.693895255
0.918842017	0.150396721
-0.629226675	-0.334569992
-0.572800605	0.066631319
-0.739709720	-0.488197425
-0.211148411	0.004111067
-0.192125339	0.237013520
-0.386832333	-0.292391049
0.846875093	-0.481252125
0.009334507	0.438112213
0.360300661	-0.242541818
0.413130177	-0.559077473
-0.447607505	0.840329572
0.507553845	-0.312079839
0.584144671	0.767844126
0.199722736	-0.627003739
-0.228044808	0.193863184
-0.480402320	0.579829854
-0.569123297	0.132765347
0.651513222	0.296773311
0.715864008	0.011813881
0.618588529	0.465922802
0.352885289	0.658378003
0.498707575	0.637214103
-0.406802056	0.082852245
0.405058228	0.792920680
0.455848505	-0.822986579
-0.013216136	0.975446185
0.756843274	0.417660567
0.108211532	-0.955717922
0.695412363	-0.240275248
0.341055389	0.411276370
0.771538635	0.395286882
0.265820442	0.269340966
0.377801252	-0.115591028
-0.264736233	0.623049079
0.281427081	-0.297193041
-0.659978939	-0.413375217
-0.620454538	0.318835405
0.922092711	0.366329326
0.294281590	0.678935984
-0.216010108	-0.597506879
0.723218062	-0.520597746
0.162217874	0.064273450
0.890678625	-0.066243493
-0.540439669	0.156499066
-0.959091963	-0.061638761
0.460410663	-0.385945261
0.026510295	-0.258162257
0.316861698	0.019937134
0.521972399	0.656882760
0.606561917	0.384959299
-0.296205297	0.324054759
0.002990742	-0.863573404
-0.599430586	-0.273791196
-0.384171150	0.562787289
0.790482254	-0.493492527
-0.503456205	-0.749957415
0.663006540	-0.300358732
0.638002507	0.547814831
-0.682030684	-0.335487199
-0.710347427	0.634831014
0.291713773	0.291011852
0.196584270	-0.306324179
0.277119230	0.900378974
0.898455267	0.020721321
-0.234017470	-0.700975319
0.746930125	0.381811380
0.787454963	0.551325394
0.057997032	0.874859131
0.255239970	-0.304000461
0.422673961	0.573209286
0.360512340	0.712326535
0.208040299	0.044962275
0.523951506	-0.500245929
-0.664025874	-0.279464224
0.193429893	0.613093356
-0.379085251	0.211160472
-0.757350710	-0.480629985
-0.768118207	0.008631820
-0.181605304	0.978811918
-0.609556800	-0.319793336
0.516224296	-0.721237946
0.038562429	0.303679257
0.178538388	0.085327416
-0.207441002	-0.398787652
-0.341463298	-0.846928662
0.198033614	0.837490389
-0.633668928	0.534007740
-0.441973836	0.559760965
0.147101095	0.178940913
-0.229078563	0.389750386
0.698310928	0.002803230
-0.601617794	-0.483294376
-0.018384852	-0.211174594
0.196912288	-0.502160557
0.067587460	-0.764525284
0.801518700	-0.102325094
-0.667965824	-0.019942913
0.983002324	0.124593175
0.581269436	-0.358460976
0.277664513	0.894808318
-0.491883975	-0.524301874
0.732298707	-0.125552903
-0.565791938	0.156806961
0.469265783	0.205129499
-0.453442653	0.167576711
-0.792067272	-0.055060448
0.684282335	0.189547876
0.733764959	-0.118805377
0.687387319	-0.198647582
0.116669340	0.488906019
0.699027326	0.448703516
-0.531036895	0.682029649
0.945040860	-0.168315303
-0.673340672	0.677339566
0.706131793	-0.663634806
0.493172155	0.436930218
-0.395493071	0.553402083
-0.015330947	-0.711210737
-0.257050042	-0.281565988
0.169983887	-0.569662723
0.519786431	-0.713346775
0.919243297	0.218813756
0.735356741	-0.611793599
-0.099156596	-0.691346570
-0.561561057	0.224412076
-0.177360843	-0.971516198
0.465414022	0.248037773
-0.198560145	0.340209866
-0.641289786	0.544389814
-0.202755936	0.550704066
0.859357497	-0.279384270
-0.077500457	-0.981027870
0.104095532	-0.021403686
-0.494753908	0.164914900
-0.259175121	0.327885248
0.193398703	-0.356606702
0.643696559	-0.341187277
-0.271266326	-0.307129074
0.339447236	0.087443888
-0.762739262	0.398091114
-0.383862013	-0.788012171
-0.023478578	-0.568514688
0.471852952	0.841546874
0.108750733	-0.605647506
0.372948808	-0.634234905
0.377761165	-0.886226313
0.693650343	-0.428840133
-0.242833015	0.337346902
0.229972591	-0.351401944
0.341468982	-0.323968491
0.046150152	0.578729721
0.790717550	0.050644044
-0.175590471	-0.924037171
0.917509703	0.393561502
-0.309385025	0.778028707
-0.856206199	-0.015831069
0.555328798	-0.065495545
0.174791046	-0.214698611
0.583102512	-0.488624681
-0.255992347	-0.075428507
0.187406827	0.790157805
-0.496698787	0.261529449
0.452445944	-0.705981238
-0.687826508	0.546219394
-0.809305472	0.136583022
0.622182223	-0.524494705
0.432845504	0.539691926
0.317720632	0.475474563
-0.812975738	0.461514433
-0.540356506	-0.635638268
0.298866189	-0.526250377
-0.199726319	-0.118031300
-0.014875059	0.544281334
0.334439139	-0.690158595
0.434061217	-0.213114918
-0.396139832	0.746234710
-0.666895524	-0.205445304
-0.117182268	0.955286699
0.270059991	-0.684336766
0.494978624	0.139126788
-0.560876287	-0.187300745
-0.385398649	-0.373852024
-0.725786313	0.074244845
-0.009490292	0.573172265
0.089217137	-0.710624104
0.171344596	0.032046828
0.433772151	-0.022115212
0.204578596	-0.231788710
0.287726193	-0.361360188
-0.313858944	0.267692253
0.583355487	0.338466169
0.095327835	-0.977520800
-0.351372825	-0.574620889
-0.215825969	0.639136883
0.762881985	0.099857375
0.077520089	0.196654136
-0.079261505	0.519961796
0.257054716	0.305613017
-0.426694731	0.251650189
-0.409883643	-0.005275346
-0.820860044	-0.258718219
-0.295346160	-0.172232869
0.166660891	0.488827871
-0.533095986	0.165212266
0.362219038	-0.604583207
0.210685527	0.125101022
0.495274168	-0.711794386
